1, 1606 , -303 , -401 , 108 , 404 , 505 , 704 , 702 , 804 , 1006 , 1205 , 1306 , 11504 , 0 , 0 , 0 , 0 , 0 , 0 , 0
1, 101 , 1602 , -303 , -204 , 104 , 306 , 404 , 505 , 704 , 1006 , 1205 , 1306 , 11504 , 0 , 0 , 0 , 0 , 0 , 0 , 0
1, 101 , -302 , -303 , 104 , 404 , 505 , 704 , 706 , 804 , 1006 , 1103 , 1201 , 1203 , 1202 , 1401 , 11503 , 0 , 0 , 0 , 0
1, 101 , -306 , -408 , 105 , 404 , 505 , 704 , 606 , 703 , 804 , 903 , 1103 , 1201 , 1203 , 1202 , 1301 , 1402 , 11503 , 0 , 0
1, 111 , 1610 , -310 , -308 , 110 , 507 , 706 , 604 , 808 , 1006 , 1109 , 1211 , 11509 , 0 , 0 , 0 , 0 , 0 , 0 , 0
1, 101 , -303 , -405 , 105 , 404 , 505 , 704 , 706 , 804 , 1006 , 1205 , 1306 , 11504 , 0 , 0 , 0 , 0 , 0 , 0 , 0
1, 101 , 1602 , -306 , -404 , 105 , 505 , 403 , 704 , 903 , 1103 , 1306 , 1308 , 11504 , 0 , 0 , 0 , 0 , 0 , 0 , 0
1, 101 , 1602 , -303 , -403 , 105 , 505 , 703 , 704 , 903 , 1006 , 1205 , 1107 , 1306 , 11504 , 0 , 0 , 0 , 0 , 0 , 0
1, 101 , -306 , -408 , 105 , 302 , 404 , 505 , 704 , 706 , 804 , 903 , 1103 , 1001 , 1201 , 1202 , 1402 , 1304 , 11504 , 0 , 0
1, 1606 , -208 , -206 , 108 , 306 , 408 , 507 , 708 , 706 , 709 , 909 , 1111 , 1009 , 1211 , 1210 , 1411 , 1309 , 1409 , 11509 , 0
1, 111 , -306 , -408 , 108 , 507 , 405 , 708 , 706 , 808 , 1006 , 1109 , 1111 , 1209 , 1210 , 1211 , 1308 , 11508 , 0 , 0 , 0
1, 101 , -303 , -302 , 102 , 404 , 505 , 704 , 804 , 1006 , 1205 , 1107 , 1207 , 1306 , 11508 , 0 , 0 , 0 , 0 , 0 , 0
1, 1606 , 1602 , -208 , -309 , 108 , 306 , 507 , 505 , 704 , 903 , 901 , 1101 , 1203 , 1201 , 11503 , 0 , 0 , 0 , 0 , 0
1, 101 , -306 , -205 , 105 , 404 , 604 , 704 , 903 , 1103 , 1201 , 1203 , 1403 , 1301 , 11503 , 0 , 0 , 0 , 0 , 0 , 0
1, 1606 , -104 , -102 , 204 , 208 , 306 , 404 , 505 , 704 , 602 , 706 , 804 , 1006 , 1004 , 1103 , 1201 , 1202 , 1401 , 1403 , 11504
1, 111 , -306 , -204 , 108 , 507 , 409 , 708 , 808 , 1006 , 1207 , 1105 , 1306 , 11508 , 0 , 0 , 0 , 0 , 0 , 0 , 0
1, 1601 , -207 , -107 , 108 , 408 , 410 , 507 , 708 , 808 , 1006 , 1109 , 1211 , 1210 , 1308 , 11508 , 0 , 0 , 0 , 0 , 0
1, 1606 , -204 , -205 , 104 , 302 , 404 , 501 , 701 , 903 , 1101 , 1203 , 1201 , 1202 , 1403 , 11504 , 0 , 0 , 0 , 0 , 0
1, 1606 , -205 , -105 , 108 , 306 , 408 , 507 , 708 , 808 , 1006 , 1109 , 1211 , 1209 , 1210 , 1411 , 1409 , 11508 , 0 , 0 , 0
1, 111 , -309 , -407 , 108 , 408 , 507 , 708 , 706 , 704 , 804 , 903 , 1103 , 1201 , 1203 , 11503 , 0 , 0 , 0 , 0 , 0
1, 111 , -309 , -407 , 110 , 408 , 507 , 708 , 709 , 711 , 909 , 1111 , 1209 , 1210 , 1207 , 1306 , 11508 , 0 , 0 , 0 , 0
1, 111 , 1610 , -306 , -308 , 108 , 507 , 706 , 808 , 909 , 1006 , 1207 , 1105 , 1205 , 1306 , 11504 , 0 , 0 , 0 , 0 , 0
1, 101 , -306 , -404 , 102 , 302 , 303 , 504 , 704 , 701 , 804 , 903 , 1103 , 1101 , 1203 , 1202 , 1205 , 1306 , 11504 , 0 , 0
1, 111 , -306 , -308 , 110 , 507 , 409 , 708 , 808 , 1006 , 1109 , 1211 , 1209 , 1210 , 1410 , 11508 , 0 , 0 , 0 , 0 , 0
1, 111 , 1610 , -306 , -304 , 108 , 507 , 509 , 808 , 1006 , 1004 , 1109 , 1211 , 11509 , 0 , 0 , 0 , 0 , 0 , 0 , 0
1, 101 , -306 , -404 , 102 , 302 , 303 , 501 , 403 , 701 , 603 , 704 , 804 , 1006 , 904 , 1205 , 1207 , 1306 , 11508 , 0 , 0
1, 1606 , 1602 , -303 , -301 , 107 , 404 , 704 , 702 , 903 , 1006 , 1103 , 1101 , 1201 , 11503 , 0 , 0 , 0 , 0 , 0 , 0
1, 101 , -306 , -204 , 104 , 404 , 505 , 704 , 804 , 903 , 1103 , 1205 , 1203 , 1202 , 1401 , 1403 , 11503 , 0 , 0 , 0 , 0
1, 101 , 1602 , -306 , -206 , 105 , 505 , 503 , 704 , 702 , 903 , 1101 , 1201 , 1202 , 1203 , 1306 , 11504 , 0 , 0 , 0 , 0
1, 111 , -306 , -208 , 110 , 408 , 507 , 708 , 706 , 808 , 1006 , 1109 , 1211 , 1209 , 1210 , 1411 , 1410 , 11509 , 0 , 0 , 0
1, 111 , -306 , -205 , 110 , 507 , 409 , 708 , 808 , 1006 , 908 , 1207 , 1205 , 1306 , 11504 , 0 , 0 , 0 , 0 , 0 , 0
1, 101 , -302 , -402 , 102 , 404 , 505 , 704 , 706 , 708 , 808 , 909 , 1109 , 1111 , 1209 , 1211 , 1210 , 1311 , 1411 , 11509 , 0
1, 111 , -309 , -210 , 108 , 408 , 507 , 708 , 706 , 808 , 909 , 1109 , 1211 , 1209 , 1311 , 1411 , 11509 , 0 , 0 , 0 , 0
1, 101 , -303 , -403 , 104 , 404 , 505 , 704 , 706 , 804 , 903 , 1103 , 1121 , 1201 , 1203 , 1301 , 1402 , 11503 , 0 , 0 , 0
1, 1606 , -309 , -408 , 108 , 310 , 509 , 511 , 709 , 607 , 909 , 1111 , 1211 , 1209 , 11509 , 0 , 0 , 0 , 0 , 0 , 0
1, 101 , -303 , -401 , 104 , 404 , 505 , 704 , 804 , 1006 , 1008 , 1103 , 1203 , 1202 , 1205 , 1306 , 11504 , 0 , 0 , 0 , 0
1, 111 , -306 , -407 , 107 , 507 , 509 , 708 , 808 , 909 , 1109 , 1011 , 1211 , 1209 , 1208 , 1408 , 11509 , 0 , 0 , 0 , 0
1, 1606 , -204 , -202 , 105 , 505 , 704 , 702 , 706 , 804 , 1006 , 1205 , 1107 , 1306 , 11504 , 0 , 0 , 0 , 0 , 0 , 0
1, 101 , 1602 , -303 , -403 , 104 , 306 , 505 , 507 , 706 , 708 , 808 , 1006 , 1109 , 1209 , 1211 , 1210 , 1309 , 11509 , 0 , 0
1, 111 , -310 , -211 , 110 , 408 , 507 , 708 , 808 , 909 , 1109 , 1209 , 1211 , 1411 , 1409 , 11508 , 0 , 0 , 0 , 0 , 0
1, 111 , -306 , -407 , 110 , 507 , 708 , 610 , 808 , 1006 , 1207 , 1306 , 11508 , 0 , 0 , 0 , 0 , 0 , 0 , 0 , 0
1, 111 , -309 , -408 , 107 , 310 , 511 , 711 , 808 , 909 , 1109 , 1209 , 1210 , 1211 , 1411 , 11509 , 0 , 0 , 0 , 0 , 0
1, 101 , -302 , -401 , 105 , 404 , 505 , 704 , 606 , 706 , 703 , 804 , 903 , 1103 , 1001 , 1205 , 1306 , 11504 , 0 , 0 , 0
1, 111 , -306 , -207 , 108 , 507 , 708 , 808 , 1006 , 1109 , 1211 , 1210 , 1410 , 1308 , 11509 , 0 , 0 , 0 , 0 , 0 , 0
1, 101 , -306 , -308 , 104 , 505 , 704 , 606 , 706 , 804 , 903 , 1103 , 1202 , 1201 , 1402 , 11503 , 0 , 0 , 0 , 0 , 0
1, 1606 , 1610 , -303 , -304 , 104 , 302 , 404 , 505 , 704 , 706 , 703 , 903 , 805 , 1101 , 1103 , 1203 , 1202 , 1201 , 1401 , 1403
1, 101 , -302 , -404 , 105 , 401 , 501 , 701 , 603 , 804 , 903 , 1103 , 1201 , 1203 , 1403 , 11503 , 0 , 0 , 0 , 0 , 0
1, 1606 , -204 , -302 , 108 , 207 , 306 , 408 , 507 , 708 , 709 , 909 , 807 , 1109 , 1011 , 1111 , 1211 , 1209 , 1310 , 11509 , 0
1, 111 , -310 , -410 , 107 , 408 , 606 , 604 , 708 , 808 , 1006 , 1207 , 1205 , 1306 , 11504 , 0 , 0 , 0 , 0 , 0 , 0
1, 111 , 1610 , -309 , -409 , 107 , 408 , 708 , 610 , 1006 , 1207 , 1306 , 11508 , 0 , 0 , 0 , 0 , 0 , 0 , 0 , 0
1, 111 , -309 , -207 , 108 , 511 , 509 , 711 , 609 , 808 , 909 , 1109 , 1211 , 1209 , 1210 , 1409 , 1311 , 1408 , 11508 , 0 , 0
1, 101 , -306 , -404 , 104 , 505 , 407 , 704 , 606 , 706 , 804 , 903 , 1103 , 1201 , 1202 , 1203 , 1303 , 11504 , 0 , 0 , 0
1, 1606 , 1610 , -204 , -106 , 104 , 306 , 303 , 404 , 505 , 704 , 706 , 804 , 1006 , 1205 , 1207 , 1306 , 11508 , 0 , 0 , 0
1, 101 , -302 , -301 , 105 , 404 , 505 , 704 , 804 , 1006 , 1103 , 1101 , 1201 , 1203 , 1202 , 1302 , 11503 , 0 , 0 , 0 , 0
1, 101 , -306 , -205 , 102 , 404 , 505 , 704 , 804 , 1006 , 1103 , 1201 , 1202 , 1401 , 1403 , 11503 , 0 , 0 , 0 , 0 , 0
1, 111 , -309 , -409 , 107 , 310 , 408 , 507 , 708 , 710 , 808 , 1006 , 1207 , 1105 , 1205 , 1306 , 11504 , 0 , 0 , 0 , 0
1, 101 , -306 , -205 , 105 , 505 , 704 , 606 , 706 , 708 , 808 , 909 , 1109 , 1211 , 1209 , 1210 , 1309 , 11509 , 0 , 0 , 0
1, 111 , -310 , -311 , 107 , 408 , 507 , 708 , 808 , 1006 , 1004 , 1207 , 1105 , 1306 , 11508 , 0 , 0 , 0 , 0 , 0 , 0
1, 111 , -309 , -408 , 108 , 310 , 609 , 708 , 909 , 1107 , 1109 , 1211 , 1210 , 1311 , 1409 , 11509 , 0 , 0 , 0 , 0 , 0
1, 111 , -306 , -405 , 108 , 408 , 507 , 708 , 709 , 909 , 811 , 1111 , 1009 , 1211 , 1209 , 1311 , 1411 , 1409 , 11509 , 0 , 0
1, 101 , 1602 , -306 , -204 , 104 , 505 , 706 , 608 , 708 , 808 , 1006 , 1207 , 1205 , 1306 , 11504 , 0 , 0 , 0 , 0 , 0
1, 111 , -306 , -208 , 108 , 507 , 708 , 706 , 808 , 909 , 1109 , 1207 , 1209 , 1309 , 11509 , 0 , 0 , 0 , 0 , 0 , 0
1, 111 , 1610 , -309 , -410 , 108 , 306 , 507 , 708 , 808 , 1109 , 1111 , 1211 , 1210 , 1209 , 1311 , 11509 , 0 , 0 , 0 , 0
1, 101 , -306 , -406 , 102 , 505 , 704 , 804 , 1006 , 1205 , 1306 , 11504 , 0 , 0 , 0 , 0 , 0 , 0 , 0 , 0 , 0
1, 1601 , -205 , -303 , 107 , 207 , 306 , 507 , 706 , 704 , 804 , 1006 , 1008 , 1103 , 1201 , 1203 , 1403 , 11504 , 0 , 0 , 0
1, 111 , 1610 , -306 , -207 , 107 , 408 , 507 , 709 , 611 , 909 , 1109 , 1209 , 1211 , 11509 , 0 , 0 , 0 , 0 , 0 , 0
1, 101 , -306 , -205 , 102 , 404 , 505 , 704 , 804 , 1006 , 1103 , 1201 , 1202 , 1401 , 11503 , 0 , 0 , 0 , 0 , 0 , 0
1, 1606 , -204 , -303 , 105 , 404 , 505 , 704 , 804 , 903 , 1103 , 1005 , 1201 , 1203 , 1202 , 1403 , 1305 , 11503 , 0 , 0 , 0
1, 101 , -306 , -304 , 105 , 404 , 505 , 704 , 706 , 804 , 903 , 1103 , 1203 , 1201 , 1301 , 1403 , 11503 , 0 , 0 , 0 , 0
1, 111 , -310 , -211 , 110 , 408 , 507 , 708 , 706 , 709 , 909 , 1111 , 1209 , 1210 , 1211 , 11509 , 0 , 0 , 0 , 0 , 0
1, 111 , -306 , -405 , 110 , 408 , 607 , 609 , 708 , 706 , 808 , 909 , 1109 , 1211 , 1210 , 1209 , 1309 , 11508 , 0 , 0 , 0
1, 101 , 1602 , -303 , -301 , 102 , 404 , 703 , 701 , 903 , 1201 , 1203 , 1202 , 11504 , 0 , 0 , 0 , 0 , 0 , 0 , 0
1, 101 , -306 , -405 , 105 , 505 , 407 , 704 , 703 , 804 , 903 , 1103 , 1121 , 1205 , 1203 , 1202 , 1404 , 11503 , 0 , 0 , 0
1, 111 , -310 , -411 , 110 , 408 , 507 , 708 , 808 , 1006 , 1109 , 1211 , 1210 , 1411 , 1409 , 11509 , 0 , 0 , 0 , 0 , 0
1, 101 , 1602 , -302 , -403 , 105 , 404 , 703 , 903 , 901 , 1101 , 1003 , 1202 , 1201 , 11503 , 0 , 0 , 0 , 0 , 0 , 0
1, 1606 , -105 , -205 , 306 , 408 , 506 , 505 , 706 , 604 , 804 , 1006 , 1103 , 1205 , 1306 , 11504 , 0 , 0 , 0 , 0 , 0
1, 111 , 1610 , -309 , -407 , 110 , 306 , 507 , 704 , 804 , 1006 , 1205 , 1207 , 1209 , 11508 , 0 , 0 , 0 , 0 , 0 , 0
1, 111 , -310 , -411 , 107 , 408 , 507 , 708 , 808 , 1006 , 1109 , 1207 , 1306 , 1404 , 11504 , 0 , 0 , 0 , 0 , 0 , 0
1, 1601 , -207 , -107 , 104 , 404 , 505 , 704 , 702 , 804 , 903 , 1103 , 1205 , 1203 , 1305 , 11504 , 0 , 0 , 0 , 0 , 0
1, 1606 , -204 , -205 , 107 , 505 , 704 , 606 , 804 , 1006 , 1205 , 1207 , 1405 , 11605 , 0 , 0 , 0 , 0 , 0 , 0 , 0
1, 101 , -303 , -401 , 105 , 302 , 404 , 505 , 704 , 706 , 804 , 1006 , 1103 , 1101 , 1201 , 1203 , 1301 , 1303 , 11503 , 0 , 0
1, 1601 , -208 , -308 , 108 , 306 , 404 , 505 , 704 , 706 , 703 , 804 , 903 , 1103 , 1201 , 1203 , 1304 , 11504 , 0 , 0 , 0
1, 101 , -302 , 105 , 301 , 501 , 701 , 603 , 804 , 801 , 1001 , 1201 , 1101 , 1202 , 1401 , 1403 , 1402 , 11503 , 0 , 0 , 0
1, 111 , -309 , -408 , 108 , 310 , 411 , 611 , 711 , 808 , 909 , 1109 , 1211 , 1209 , 1210 , 1408 , 1410 , 11508 , 0 , 0 , 0
1, 1601 , -205 , -106 , 102 , 404 , 505 , 704 , 702 , 703 , 804 , 903 , 1101 , 1201 , 1203 , 11503 , 0 , 0 , 0 , 0 , 0
1, 1606 , -208 , -308 , 104 , 207 , 408 , 410 , 507 , 708 , 706 , 808 , 1006 , 1207 , 1306 , 11508 , 0 , 0 , 0 , 0 , 0
1, 111 , 1610 , -306 , -207 , 108 , 507 , 709 , 706 , 808 , 1005 , 1205 , 1306 , 11504 , 0 , 0 , 0 , 0 , 0 , 0 , 0
1, 1601 , -207 , -306 , 110 , 408 , 310 , 507 , 708 , 808 , 909 , 1109 , 1011 , 1211 , 1209 , 1309 , 11508 , 0 , 0 , 0 , 0
1, 101 , 1602 , -306 , -206 , 104 , 404 , 505 , 704 , 903 , 801 , 1101 , 1203 , 1201 , 11503 , 0 , 0 , 0 , 0 , 0 , 0
1, 111 , -309 , -210 , 110 , 408 , 507 , 708 , 706 , 704 , 804 , 1006 , 904 , 1205 , 1107 , 1306 , 11504 , 0 , 0 , 0 , 0
1, 111 , 1610 , -309 , -411 , 108 , 408 , 709 , 706 , 808 , 1006 , 1207 , 1205 , 1306 , 11504 , 0 , 0 , 0 , 0 , 0 , 0
1, 111 , -306 , -205 , 108 , 507 , 509 , 708 , 610 , 808 , 1006 , 1207 , 1205 , 1306 , 11504 , 0 , 0 , 0 , 0 , 0 , 0
1, 1606 , 1610 , -107 , -205 , 408 , 706 , 709 , 808 , 909 , 1111 , 1209 , 1207 , 11508 , 0 , 0 , 0 , 0 , 0 , 0 , 0
1, 111 , -306 , -407 , 110 , 507 , 708 , 706 , 704 , 804 , 1006 , 904 , 1205 , 1306 , 11504 , 0 , 0 , 0 , 0 , 0 , 0
1, 111 , -309 , -407 , 108 , 310 , 408 , 507 , 708 , 706 , 704 , 804 , 1006 , 1103 , 1201 , 1203 , 1403 , 1305 , 11504 , 0 , 0
1, 1601 , -205 , -206 , 102 , 404 , 505 , 704 , 706 , 804 , 1006 , 1103 , 1201 , 1203 , 1202 , 1302 , 11503 , 0 , 0 , 0 , 0
1, 111 , 1610 , -310 , -409 , 107 , 507 , 405 , 505 , 706 , 708 , 1006 , 1207 , 1306 , 11508 , 0 , 0 , 0 , 0 , 0 , 0
1, 101 , -302 , -304 , 105 , 404 , 505 , 704 , 804 , 903 , 1103 , 1105 , 1101 , 1201 , 1203 , 1202 , 1401 , 11503 , 0 , 0 , 0
1, 111 , -309 , -210 , 108 , 310 , 408 , 507 , 708 , 808 , 1006 , 1109 , 1211 , 1210 , 1209 , 1311 , 1411 , 1410 , 11509 , 0 , 0
1, 101 , 1602 , -303 , -403 , 102 , 505 , 503 , 703 , 706 , 804 , 903 , 1101 , 1201 , 1203 , 1202 , 11504 , 0 , 0 , 0 , 0
2, 101 , -306 , -205 , 102 , 505 , 403 , 704 , 706 , 804 , 903 , 1103 , 1203 , 1202 , 11503 , 0 , 0 , 0 , 0 , 0 , 0
2, 101 , -306 , -407 , 102 , 302 , 404 , 703 , 605 , 903 , 1101 , 1201 , 1203 , 1301 , 1402 , 11503 , 0 , 0 , 0 , 0 , 0
2, 111 , -306 , 107 , 507 , 708 , 706 , 808 , 1006 , 904 , 1109 , 1211 , 1209 , 1311 , 11509 , 0 , 0 , 0 , 0 , 0 , 0
2, 111 , -306 , 108 , 507 , 708 , 1006 , 908 , 1109 , 1211 , 1209 , 11509 , 0 , 0 , 0 , 0 , 0 , 0 , 0 , 0 , 0
2, 1606 , -303 , 108 , 505 , 407 , 704 , 702 , 706 , 1006 , 1103 , 1201 , 1203 , 1401 , 11503 , 0 , 0 , 0 , 0 , 0 , 0
2, 111 , -306 , -404 , 108 , 310 , 408 , 708 , 709 , 711 , 808 , 909 , 1109 , 1007 , 1211 , 1210 , 1311 , 1410 , 11508 , 0 , 0
2, 101 , 1602 , -306 , -207 , 105 , 505 , 704 , 903 , 1203 , 1105 , 1201 , 1202 , 1306 , 11504 , 0 , 0 , 0 , 0 , 0 , 0
2, 101 , -306 , -304 , 105 , 505 , 704 , 602 , 1006 , 1205 , 1306 , 11504 , 0 , 0 , 0 , 0 , 0 , 0 , 0 , 0 , 0
2, 101 , 1602 , -306 , 105 , 505 , 706 , 704 , 1006 , 904 , 1306 , 11607 , 0 , 0 , 0 , 0 , 0 , 0 , 0 , 0 , 0
2, 111 , -306 , 110 , 507 , 409 , 709 , 711 , 909 , 1109 , 1209 , 1211 , 1210 , 1409 , 1307 , 11508 , 0 , 0 , 0 , 0 , 0
2, 111 , -306 , 110 , 507 , 708 , 808 , 909 , 1109 , 1011 , 1111 , 1211 , 1209 , 1210 , 11509 , 0 , 0 , 0 , 0 , 0 , 0
2, 101 , -306 , -208 , 105 , 505 , 704 , 703 , 804 , 903 , 1103 , 1205 , 1202 , 11503 , 0 , 0 , 0 , 0 , 0 , 0 , 0
2, 101 , -306 , 105 , 505 , 703 , 804 , 903 , 1103 , 1201 , 1202 , 1401 , 1403 , 11503 , 0 , 0 , 0 , 0 , 0 , 0 , 0
2, 111 , -306 , -207 , 107 , 507 , 708 , 1006 , 1207 , 1306 , 11607 , 0 , 0 , 0 , 0 , 0 , 0 , 0 , 0 , 0 , 0
2, 111 , -306 , -207 , 107 , 408 , 708 , 711 , 909 , 1109 , 1107 , 1207 , 1306 , 11508 , 0 , 0 , 0 , 0 , 0 , 0 , 0
2, 111 , -306 , -205 , 110 , 310 , 408 , 709 , 711 , 909 , 1111 , 1009 , 1211 , 1210 , 1209 , 1306 , 11508 , 0 , 0 , 0 , 0
2, 111 , -306 , 107 , 507 , 708 , 606 , 1006 , 904 , 1109 , 1211 , 1209 , 1210 , 11509 , 0 , 0 , 0 , 0 , 0 , 0 , 0
2, 101 , -306 , -405 , 104 , 505 , 704 , 1006 , 1306 , 11504 , 0 , 0 , 0 , 0 , 0 , 0 , 0 , 0 , 0 , 0 , 0
2, 101 , 1602 , -306 , -405 , 102 , 505 , 704 , 702 , 903 , 1101 , 1201 , 11503 , 0 , 0 , 0 , 0 , 0 , 0 , 0 , 0
2, 101 , -306 , 105 , 505 , 703 , 605 , 706 , 1006 , 1207 , 1105 , 1205 , 1306 , 11504 , 0 , 0 , 0 , 0 , 0 , 0 , 0
2, 111 , -306 , -205 , 107 , 507 , 709 , 711 , 909 , 1111 , 1211 , 1209 , 1210 , 11509 , 0 , 0 , 0 , 0 , 0 , 0 , 0
2, 101 , -306 , -407 , 105 , 505 , 703 , 706 , 1006 , 1207 , 1105 , 1306 , 11508 , 0 , 0 , 0 , 0 , 0 , 0 , 0 , 0
2, 111 , -306 , 108 , 507 , 409 , 708 , 1006 , 1207 , 1205 , 1306 , 11504 , 0 , 0 , 0 , 0 , 0 , 0 , 0 , 0 , 0
2, 101 , -306 , -206 , 102 , 404 , 505 , 703 , 601 , 701 , 804 , 903 , 1103 , 1201 , 1203 , 1301 , 11503 , 0 , 0 , 0 , 0
2, 101 , -306 , -406 , 105 , 505 , 703 , 701 , 704 , 804 , 1006 , 1205 , 1306 , 11605 , 0 , 0 , 0 , 0 , 0 , 0 , 0
2, 101 , 1602 , -306 , 102 , 505 , 704 , 701 , 903 , 1203 , 1201 , 11503 , 0 , 0 , 0 , 0 , 0 , 0 , 0 , 0 , 0
2, 1601 , -207 , 102 , 404 , 402 , 505 , 703 , 701 , 903 , 1103 , 1201 , 1203 , 1202 , 11503 , 0 , 0 , 0 , 0 , 0 , 0
2, 111 , -306 , -204 , 110 , 408 , 708 , 909 , 1109 , 1211 , 1210 , 1411 , 1309 , 11509 , 0 , 0 , 0 , 0 , 0 , 0 , 0
2, 1606 , -309 , 104 , 507 , 709 , 909 , 811 , 1109 , 1207 , 1209 , 1211 , 1411 , 11509 , 0 , 0 , 0 , 0 , 0 , 0 , 0
2, 101 , -306 , -206 , 102 , 302 , 404 , 704 , 706 , 1006 , 1205 , 1107 , 1207 , 1306 , 11607 , 0 , 0 , 0 , 0 , 0 , 0
2, 101 , -306 , -406 , 102 , 302 , 404 , 704 , 1006 , 1205 , 1306 , 11605 , 0 , 0 , 0 , 0 , 0 , 0 , 0 , 0 , 0
2, 101 , -306 , -206 , 104 , 404 , 703 , 601 , 701 , 903 , 1103 , 1201 , 1203 , 1301 , 1401 , 11503 , 0 , 0 , 0 , 0 , 0
2, 111 , -306 , 110 , 408 , 708 , 1006 , 1109 , 1111 , 1211 , 1209 , 1210 , 11509 , 0 , 0 , 0 , 0 , 0 , 0 , 0 , 0
2, 1606 , 1602 , -303 , -202 , 107 , 505 , 704 , 1006 , 1103 , 1306 , 1208 , 11605 , 0 , 0 , 0 , 0 , 0 , 0 , 0 , 0
2, 101 , -306 , -407 , 105 , 302 , 404 , 704 , 903 , 901 , 1103 , 1105 , 1306 , 11605 , 0 , 0 , 0 , 0 , 0 , 0 , 0
2, 101 , -306 , -308 , 105 , 505 , 704 , 1006 , 904 , 1205 , 1207 , 1306 , 11607 , 0 , 0 , 0 , 0 , 0 , 0 , 0 , 0
2, 101 , -306 , 102 , 505 , 704 , 702 , 804 , 1006 , 1306 , 11607 , 0 , 0 , 0 , 0 , 0 , 0 , 0 , 0 , 0 , 0
2, 101 , 1602 , -306 , 104 , 302 , 404 , 704 , 702 , 701 , 804 , 1103 , 1201 , 1202 , 1305 , 11504 , 0 , 0 , 0 , 0 , 0
2, 101 , -306 , -407 , 105 , 505 , 703 , 701 , 804 , 903 , 1103 , 1001 , 1101 , 1201 , 1203 , 1401 , 1303 , 11503 , 0 , 0 , 0
2, 111 , -306 , -308 , 108 , 507 , 709 , 909 , 1111 , 1211 , 1209 , 1306 , 11508 , 0 , 0 , 0 , 0 , 0 , 0 , 0 , 0
2, 1606 , -104 , 306 , 404 , 507 , 505 , 706 , 608 , 708 , 1006 , 1207 , 1306 , 11607 , 0 , 0 , 0 , 0 , 0 , 0 , 0
2, 111 , -306 , -304 , 108 , 408 , 507 , 708 , 709 , 808 , 909 , 1109 , 1111 , 1211 , 1209 , 1210 , 11509 , 0 , 0 , 0 , 0
2, 1606 , -108 , 107 , 309 , 306 , 404 , 704 , 602 , 903 , 1103 , 1105 , 1101 , 1201 , 1203 , 1202 , 11503 , 0 , 0 , 0 , 0
2, 111 , -306 , 108 , 507 , 405 , 709 , 909 , 1111 , 1009 , 1211 , 1209 , 1210 , 11509 , 0 , 0 , 0 , 0 , 0 , 0 , 0
2, 1601 , -205 , 102 , 302 , 404 , 703 , 701 , 804 , 903 , 1103 , 1205 , 1203 , 1201 , 11503 , 0 , 0 , 0 , 0 , 0 , 0
2, 111 , -306 , 108 , 507 , 708 , 710 , 706 , 1006 , 1103 , 1201 , 1204 , 1202 , 11503 , 0 , 0 , 0 , 0 , 0 , 0 , 0
2, 111 , -306 , -405 , 107 , 408 , 708 , 706 , 808 , 909 , 1109 , 1011 , 1111 , 1209 , 1211 , 1411 , 11509 , 0 , 0 , 0 , 0
2, 101 , -306 , -408 , 102 , 505 , 703 , 701 , 804 , 903 , 1103 , 1306 , 11605 , 0 , 0 , 0 , 0 , 0 , 0 , 0 , 0
2, 101 , -306 , -407 , 105 , 404 , 704 , 606 , 706 , 1006 , 904 , 1207 , 1205 , 1306 , 11605 , 0 , 0 , 0 , 0 , 0 , 0
6, 101 , -202 , 401 , 704 , 1001 , 1401 , 1404 , 11507 , 0 , 0 , 0 , 0 , 0 , 0 , 0 , 0 , 0 , 0 , 0 , 0
6, 111 , -211 , 207 , 507 , 611 , 908 , 1209 , 1407 , 1404 , 1401 , 11604 , 0 , 0 , 0 , 0 , 0 , 0 , 0 , 0 , 0
6, 101 , -306 , 709 , 707 , 906 , 1103 , 1307 , 11503 , 0 , 0 , 0 , 0 , 0 , 0 , 0 , 0 , 0 , 0 , 0 , 0
6, 1606 , -106 , 228 , 404 , 501 , 801 , 1002 , 1104 , 1402 , 11605 , 0 , 0 , 0 , 0 , 0 , 0 , 0 , 0 , 0 , 0
6, 1606 , 1602 , -306 , 105 , 410 , 711 , 908 , 1207 , 11608 , 0 , 0 , 0 , 0 , 0 , 0 , 0 , 0 , 0 , 0 , 0
6, 111 , -311 , 106 , 511 , 910 , 1110 , 1207 , 1411 , 11608 , 0 , 0 , 0 , 0 , 0 , 0 , 0 , 0 , 0 , 0 , 0
6, 101 , 1602 , -104 , 501 , 801 , 805 , 1106 , 1303 , 11605 , 0 , 0 , 0 , 0 , 0 , 0 , 0 , 0 , 0 , 0 , 0
6, 1606 , -303 , 401 , 601 , 903 , 1201 , 11503 , 0 , 0 , 0 , 0 , 0 , 0 , 0 , 0 , 0 , 0 , 0 , 0 , 0
6, 111 , 1610 , -308 , 410 , 611 , 911 , 1311 , 1308 , 1411 , 11607 , 0 , 0 , 0 , 0 , 0 , 0 , 0 , 0 , 0 , 0
6, 111 , 1610 , -211 , 607 , 906 , 1103 , 1301 , 1303 , 11605 , 0 , 0 , 0 , 0 , 0 , 0 , 0 , 0 , 0 , 0 , 0
6, 111 , -311 , 508 , 710 , 911 , 1131 , 1310 , 1408 , 1411 , 11508 , 0 , 0 , 0 , 0 , 0 , 0 , 0 , 0 , 0 , 0
6, 1606 , -309 , 307 , 411 , 811 , 1011 , 1311 , 1309 , 1406 , 11604 , 0 , 0 , 0 , 0 , 0 , 0 , 0 , 0 , 0 , 0
6, 111 , -311 , 407 , 611 , 1011 , 1411 , 11608 , 0 , 0 , 0 , 0 , 0 , 0 , 0 , 0 , 0 , 0 , 0 , 0 , 0
6, 111 , -110 , 228 , 510 , 808 , 1011 , 1311 , 11509 , 0 , 0 , 0 , 0 , 0 , 0 , 0 , 0 , 0 , 0 , 0 , 0
6, 111 , -206 , -308 , 505 , 609 , 806 , 908 , 911 , 1108 , 1306 , 1302 , 11604 , 0 , 0 , 0 , 0 , 0 , 0 , 0 , 0
6, 1606 , -108 , 411 , 711 , 1131 , 1411 , 11608 , 0 , 0 , 0 , 0 , 0 , 0 , 0 , 0 , 0 , 0 , 0 , 0 , 0
6, 101 , -302 , 601 , 1002 , 1201 , 11503 , 0 , 0 , 0 , 0 , 0 , 0 , 0 , 0 , 0 , 0 , 0 , 0 , 0 , 0
6, 101 , 1602 , -106 , 304 , 501 , 901 , 1201 , 1405 , 11508 , 0 , 0 , 0 , 0 , 0 , 0 , 0 , 0 , 0 , 0 , 0
6, 101 , -205 , 507 , 805 , 802 , 1001 , 1004 , 1206 , 1406 , 1408 , 11608 , 0 , 0 , 0 , 0 , 0 , 0 , 0 , 0 , 0
6, 1606 , -208 , 610 , 808 , 906 , 1008 , 1308 , 11607 , 0 , 0 , 0 , 0 , 0 , 0 , 0 , 0 , 0 , 0 , 0 , 0
6, 1606 , -208 , 311 , 611 , 1011 , 1411 , 1408 , 11608 , 0 , 0 , 0 , 0 , 0 , 0 , 0 , 0 , 0 , 0 , 0 , 0
2, 111 , -211 , -311 , 108 , 408 , 426 , 709 , 711 , 808 , 909 , 1109 , 1211 , 1209 , 1411 , 11509 , 0 , 0 , 0 , 0 , 0
2, 101 , -201 , -102 , 104 , 404 , 704 , 903 , 805 , 1103 , 1306 , 11605 , 0 , 0 , 0 , 0 , 0 , 0 , 0 , 0 , 0
2, 1606 , -108 , 306 , 507 , 706 , 808 , 1006 , 1306 , 11607 , 0 , 0 , 0 , 0 , 0 , 0 , 0 , 0 , 0 , 0 , 0
2, 1606 , -108 , -106 , 306 , 309 , 408 , 709 , 706 , 808 , 909 , 1109 , 1207 , 1210 , 11509 , 0 , 0 , 0 , 0 , 0 , 0
2, 101 , -205 , 104 , 201 , 303 , 404 , 703 , 701 , 804 , 903 , 1103 , 1201 , 1203 , 1402 , 11504 , 0 , 0 , 0 , 0 , 0
2, 101 , -205 , -206 , 104 , 302 , 303 , 404 , 703 , 701 , 903 , 1101 , 1201 , 1203 , 1202 , 11503 , 0 , 0 , 0 , 0 , 0
2, 101 , -205 , 105 , 303 , 404 , 704 , 701 , 903 , 1101 , 1202 , 1201 , 1203 , 1404 , 1302 , 11503 , 0 , 0 , 0 , 0 , 0
2, 111 , 1610 , -107 , 211 , 309 , 310 , 408 , 507 , 708 , 909 , 1006 , 1306 , 1208 , 11504 , 0 , 0 , 0 , 0 , 0 , 0
2, 101 , -201 , 104 , 302 , 303 , 404 , 703 , 701 , 804 , 903 , 1103 , 1201 , 1203 , 1202 , 11503 , 0 , 0 , 0 , 0 , 0
2, 111 , -306 , 108 , 408 , 708 , 909 , 1109 , 1211 , 1209 , 1311 , 1411 , 11509 , 0 , 0 , 0 , 0 , 0 , 0 , 0 , 0
2, 101 , -205 , -107 , 105 , 302 , 404 , 704 , 703 , 903 , 901 , 1101 , 1201 , 1203 , 1401 , 11503 , 0 , 0 , 0 , 0 , 0
2, 111 , -211 , 107 , 310 , 309 , 408 , 709 , 707 , 711 , 909 , 1109 , 1131 , 1207 , 1306 , 11508 , 0 , 0 , 0 , 0 , 0
2, 101 , -105 , -106 , 204 , 306 , 408 , 706 , 1006 , 908 , 1109 , 1211 , 1209 , 1309 , 11508 , 0 , 0 , 0 , 0 , 0 , 0
2, 101 , 1602 , -205 , 102 , 201 , 303 , 404 , 703 , 903 , 1201 , 1203 , 1205 , 1306 , 11504 , 0 , 0 , 0 , 0 , 0 , 0
2, 111 , -107 , -207 , 309 , 507 , 405 , 708 , 808 , 909 , 1109 , 1011 , 1207 , 1210 , 1211 , 11508 , 0 , 0 , 0 , 0 , 0
2, 101 , -201 , -102 , 104 , 204 , 303 , 302 , 404 , 505 , 703 , 605 , 903 , 1103 , 1001 , 1306 , 1304 , 11504 , 0 , 0 , 0
2, 111 , -211 , -311 , 110 , 309 , 507 , 708 , 709 , 711 , 909 , 1111 , 1209 , 1211 , 1309 , 11509 , 0 , 0 , 0 , 0 , 0
2, 101 , 1602 , -205 , -206 , 102 , 302 , 404 , 701 , 603 , 903 , 1103 , 1101 , 1203 , 11503 , 0 , 0 , 0 , 0 , 0 , 0
2, 101 , 1602 , -205 , -107 , 104 , 404 , 704 , 903 , 1101 , 1203 , 1201 , 11503 , 0 , 0 , 0 , 0 , 0 , 0 , 0 , 0
2, 1601 , 1602 , -207 , -205 , 104 , 302 , 404 , 704 , 804 , 1103 , 1001 , 1203 , 1201 , 11503 , 0 , 0 , 0 , 0 , 0 , 0
2, 101 , -205 , -106 , 105 , 404 , 426 , 505 , 704 , 706 , 1006 , 904 , 1109 , 1211 , 1310 , 1411 , 11509 , 0 , 0 , 0 , 0
2, 101 , -201 , 102 , 205 , 306 , 303 , 505 , 703 , 701 , 804 , 1001 , 1003 , 1201 , 1203 , 1202 , 11503 , 0 , 0 , 0 , 0
2, 111 , -211 , -309 , 107 , 207 , 306 , 507 , 405 , 706 , 704 , 804 , 1006 , 1306 , 11605 , 0 , 0 , 0 , 0 , 0 , 0
2, 101 , -201 , -301 , 104 , 404 , 402 , 505 , 703 , 701 , 804 , 903 , 1103 , 1101 , 1201 , 1203 , 1202 , 11503 , 0 , 0 , 0
2, 101 , -306 , 104 , 505 , 704 , 703 , 903 , 1101 , 1003 , 1203 , 1201 , 1202 , 11503 , 0 , 0 , 0 , 0 , 0 , 0 , 0
2, 101 , -105 , -107 , 201 , 302 , 303 , 404 , 703 , 706 , 1006 , 1205 , 1306 , 11605 , 0 , 0 , 0 , 0 , 0 , 0 , 0
2, 1606 , 1610 , -309 , -208 , 107 , 408 , 711 , 708 , 909 , 1006 , 1207 , 1205 , 1306 , 11605 , 0 , 0 , 0 , 0 , 0 , 0
2, 111 , -211 , -210 , 107 , 408 , 708 , 909 , 1109 , 1211 , 1209 , 11509 , 0 , 0 , 0 , 0 , 0 , 0 , 0 , 0 , 0
2, 1601 , -207 , -106 , 110 , 310 , 408 , 708 , 909 , 1109 , 1107 , 1210 , 1207 , 1306 , 11607 , 0 , 0 , 0 , 0 , 0 , 0
2, 111 , -211 , -311 , 107 , 310 , 408 , 709 , 909 , 1111 , 1211 , 1209 , 1210 , 11509 , 0 , 0 , 0 , 0 , 0 , 0 , 0
2, 101 , -105 , -204 , 201 , 303 , 404 , 704 , 701 , 903 , 801 , 1101 , 1003 , 1203 , 1201 , 1403 , 11503 , 0 , 0 , 0 , 0
2, 1606 , -309 , 107 , 507 , 709 , 711 , 808 , 909 , 1109 , 1211 , 1209 , 1411 , 11509 , 0 , 0 , 0 , 0 , 0 , 0 , 0
2, 101 , -105 , 201 , 302 , 303 , 404 , 703 , 903 , 901 , 1101 , 1201 , 1202 , 1303 , 11503 , 0 , 0 , 0 , 0 , 0 , 0
2, 101 , -205 , -306 , 104 , 303 , 505 , 703 , 701 , 903 , 1101 , 1201 , 1202 , 1402 , 11503 , 0 , 0 , 0 , 0 , 0 , 0
2, 1606 , -303 , 108 , 306 , 404 , 507 , 706 , 604 , 704 , 1006 , 904 , 1205 , 1306 , 11504 , 0 , 0 , 0 , 0 , 0 , 0
2, 111 , -211 , 110 , 408 , 709 , 611 , 711 , 909 , 807 , 1111 , 1211 , 1209 , 1408 , 11509 , 0 , 0 , 0 , 0 , 0 , 0
2, 1606 , 1610 , -104 , 204 , 207 , 205 , 306 , 404 , 706 , 704 , 804 , 1006 , 1103 , 1306 , 11504 , 0 , 0 , 0 , 0 , 0
2, 1601 , -207 , 110 , 310 , 309 , 408 , 507 , 709 , 711 , 808 , 909 , 1109 , 1211 , 1210 , 1311 , 1409 , 11508 , 0 , 0 , 0
2, 101 , -201 , 104 , 302 , 404 , 704 , 903 , 1103 , 1001 , 1202 , 1205 , 1306 , 11504 , 0 , 0 , 0 , 0 , 0 , 0 , 0
2, 111 , -211 , -311 , 108 , 208 , 408 , 709 , 607 , 711 , 909 , 1111 , 1211 , 1209 , 1210 , 11509 , 0 , 0 , 0 , 0 , 0
2, 101 , -201 , 104 , 404 , 704 , 703 , 903 , 1101 , 1201 , 1202 , 1301 , 1401 , 11503 , 0 , 0 , 0 , 0 , 0 , 0 , 0
2, 101 , 1602 , -205 , 102 , 201 , 302 , 404 , 505 , 804 , 1006 , 1103 , 1205 , 1202 , 1201 , 11503 , 0 , 0 , 0 , 0 , 0
2, 1606 , -108 , -107 , 306 , 404 , 704 , 701 , 804 , 1003 , 1203 , 1202 , 1201 , 1401 , 11503 , 0 , 0 , 0 , 0 , 0 , 0
2, 111 , -211 , -309 , 108 , 310 , 408 , 708 , 909 , 1109 , 1207 , 1306 , 11607 , 0 , 0 , 0 , 0 , 0 , 0 , 0 , 0
2, 101 , -201 , 102 , 205 , 404 , 507 , 505 , 706 , 1006 , 1207 , 1306 , 11607 , 0 , 0 , 0 , 0 , 0 , 0 , 0 , 0
2, 1601 , -207 , 102 , 404 , 704 , 701 , 903 , 1101 , 1003 , 1201 , 1203 , 1403 , 11503 , 0 , 0 , 0 , 0 , 0 , 0 , 0
2, 1606 , 1602 , -104 , -202 , 207 , 306 , 309 , 507 , 405 , 709 , 909 , 1109 , 1107 , 1111 , 1211 , 1209 , 1411 , 11509 , 0 , 0
2, 111 , 1610 , -306 , -308 , 110 , 310 , 408 , 708 , 710 , 808 , 1109 , 1306 , 11607 , 0 , 0 , 0 , 0 , 0 , 0 , 0
2, 1606 , -309 , 108 , 507 , 709 , 909 , 1111 , 1009 , 1209 , 1211 , 1411 , 11509 , 0 , 0 , 0 , 0 , 0 , 0 , 0 , 0
2, 111 , -207 , -107 , 309 , 408 , 709 , 909 , 1111 , 1211 , 1209 , 1210 , 11509 , 0 , 0 , 0 , 0 , 0 , 0 , 0 , 0
2, 101 , -201 , 104 , 404 , 703 , 903 , 1101 , 1003 , 1203 , 1201 , 1202 , 1402 , 11504 , 0 , 0 , 0 , 0 , 0 , 0 , 0
2, 101 , -201 , 104 , 404 , 704 , 701 , 903 , 1101 , 1201 , 1203 , 1202 , 11503 , 0 , 0 , 0 , 0 , 0 , 0 , 0 , 0
2, 111 , -211 , -210 , 110 , 408 , 708 , 706 , 808 , 1006 , 904 , 1109 , 1211 , 1209 , 1309 , 11509 , 0 , 0 , 0 , 0 , 0
2, 1601 , -207 , -108 , 105 , 205 , 404 , 704 , 701 , 804 , 903 , 1103 , 1101 , 1201 , 1203 , 1202 , 11503 , 0 , 0 , 0 , 0
2, 111 , 1610 , -306 , -205 , 108 , 408 , 709 , 611 , 706 , 808 , 1006 , 908 , 1207 , 1306 , 11508 , 0 , 0 , 0 , 0 , 0
2, 101 , -201 , -303 , 105 , 404 , 703 , 605 , 804 , 903 , 1103 , 1201 , 1203 , 1202 , 11503 , 0 , 0 , 0 , 0 , 0 , 0
2, 1606 , -108 , -106 , 309 , 306 , 404 , 507 , 706 , 709 , 808 , 909 , 1109 , 1211 , 1209 , 1411 , 1409 , 11509 , 0 , 0 , 0
2, 101 , -306 , -204 , 102 , 505 , 407 , 704 , 606 , 703 , 903 , 1101 , 1202 , 1201 , 1203 , 11503 , 0 , 0 , 0 , 0 , 0
2, 101 , -201 , 105 , 404 , 402 , 703 , 705 , 706 , 804 , 1006 , 1103 , 1201 , 1202 , 1301 , 1304 , 11503 , 0 , 0 , 0 , 0
2, 101 , 1602 , -201 , 104 , 404 , 703 , 804 , 903 , 1101 , 1205 , 11504 , 0 , 0 , 0 , 0 , 0 , 0 , 0 , 0 , 0
2, 111 , -306 , -304 , 110 , 507 , 708 , 1006 , 908 , 1207 , 1306 , 11508 , 0 , 0 , 0 , 0 , 0 , 0 , 0 , 0 , 0
2, 1606 , 1602 , -303 , -205 , 105 , 404 , 701 , 603 , 704 , 903 , 1006 , 1103 , 1201 , 11503 , 0 , 0 , 0 , 0 , 0 , 0
2, 111 , 1610 , -107 , 309 , 306 , 408 , 507 , 709 , 607 , 808 , 1109 , 1207 , 11508 , 0 , 0 , 0 , 0 , 0 , 0 , 0
2, 101 , -201 , -102 , 105 , 404 , 703 , 605 , 903 , 1101 , 1201 , 1203 , 1202 , 11503 , 0 , 0 , 0 , 0 , 0 , 0 , 0
2, 1606 , -108 , -107 , 208 , 507 , 409 , 708 , 1006 , 1207 , 1205 , 1306 , 11504 , 0 , 0 , 0 , 0 , 0 , 0 , 0 , 0
2, 101 , -105 , -107 , 201 , 303 , 404 , 505 , 703 , 903 , 1103 , 1205 , 1202 , 11503 , 0 , 0 , 0 , 0 , 0 , 0 , 0
2, 1601 , 1602 , -208 , -210 , 102 , 505 , 706 , 708 , 1006 , 1109 , 1111 , 1209 , 1211 , 1210 , 1308 , 11509 , 0 , 0 , 0 , 0
2, 101 , -105 , -206 , 302 , 404 , 703 , 903 , 1101 , 1103 , 1201 , 1203 , 1305 , 11504 , 0 , 0 , 0 , 0 , 0 , 0 , 0
2, 101 , -201 , 104 , 205 , 303 , 505 , 703 , 701 , 903 , 1101 , 1201 , 1203 , 1202 , 11503 , 0 , 0 , 0 , 0 , 0 , 0
2, 101 , 1602 , -201 , 102 , 303 , 404 , 701 , 603 , 703 , 704 , 903 , 1101 , 1203 , 11503 , 0 , 0 , 0 , 0 , 0 , 0
2, 111 , -207 , -106 , 108 , 408 , 709 , 909 , 807 , 1111 , 1211 , 1210 , 1311 , 1409 , 11509 , 0 , 0 , 0 , 0 , 0 , 0
2, 101 , 1602 , -306 , -204 , 102 , 404 , 505 , 706 , 704 , 708 , 808 , 1006 , 908 , 1109 , 1306 , 1208 , 11607 , 0 , 0 , 0
2, 111 , -306 , -204 , 107 , 408 , 709 , 711 , 909 , 1111 , 1211 , 1209 , 1311 , 1308 , 11509 , 0 , 0 , 0 , 0 , 0 , 0
2, 1606 , 1602 , -108 , -106 , 107 , 309 , 408 , 708 , 1006 , 1306 , 11504 , 0 , 0 , 0 , 0 , 0 , 0 , 0 , 0 , 0
2, 111 , -306 , -405 , 107 , 408 , 709 , 607 , 808 , 909 , 1109 , 1207 , 1306 , 11508 , 0 , 0 , 0 , 0 , 0 , 0 , 0
2, 101 , -201 , 104 , 303 , 404 , 505 , 703 , 706 , 1006 , 1306 , 11508 , 0 , 0 , 0 , 0 , 0 , 0 , 0 , 0 , 0
2, 1606 , -303 , 105 , 302 , 404 , 704 , 701 , 804 , 903 , 1103 , 1203 , 1205 , 1202 , 11503 , 0 , 0 , 0 , 0 , 0 , 0
2, 1606 , -309 , -307 , 105 , 507 , 709 , 607 , 711 , 808 , 909 , 1109 , 1211 , 1210 , 1409 , 11508 , 0 , 0 , 0 , 0 , 0
2, 111 , -107 , -206 , 310 , 408 , 709 , 909 , 1111 , 1209 , 1211 , 1210 , 1410 , 11509 , 0 , 0 , 0 , 0 , 0 , 0 , 0
2, 101 , -201 , 104 , 303 , 306 , 505 , 706 , 1006 , 904 , 1109 , 1306 , 11607 , 0 , 0 , 0 , 0 , 0 , 0 , 0 , 0
2, 111 , -207 , 108 , 310 , 408 , 507 , 709 , 808 , 1109 , 1211 , 1209 , 1307 , 1306 , 11607 , 0 , 0 , 0 , 0 , 0 , 0
2, 101 , 1602 , -306 , 102 , 505 , 403 , 704 , 708 , 706 , 808 , 909 , 1109 , 1209 , 1211 , 1409 , 11508 , 0 , 0 , 0 , 0
2, 111 , -306 , -405 , 107 , 507 , 708 , 1006 , 1306 , 11508 , 0 , 0 , 0 , 0 , 0 , 0 , 0 , 0 , 0 , 0 , 0
2, 1601 , 1610 , -205 , -306 , 310 , 408 , 711 , 609 , 709 , 808 , 1109 , 1306 , 11607 , 0 , 0 , 0 , 0 , 0 , 0 , 0
2, 1601 , -205 , -104 , 107 , 309 , 507 , 708 , 610 , 709 , 909 , 807 , 1111 , 1009 , 1210 , 1209 , 1211 , 1410 , 1308 , 11509 , 0
2, 1606 , -303 , 105 , 505 , 407 , 704 , 606 , 1006 , 1306 , 1308 , 11504 , 0 , 0 , 0 , 0 , 0 , 0 , 0 , 0 , 0
2, 111 , -211 , -309 , 108 , 310 , 408 , 507 , 709 , 711 , 808 , 909 , 1109 , 1107 , 1211 , 1209 , 1210 , 11509 , 0 , 0 , 0
2, 111 , -107 , -105 , 310 , 309 , 408 , 709 , 909 , 1111 , 1211 , 1209 , 1210 , 11509 , 0 , 0 , 0 , 0 , 0 , 0 , 0
2, 111 , -211 , 107 , 408 , 426 , 709 , 808 , 909 , 1109 , 1211 , 1210 , 1308 , 11509 , 0 , 0 , 0 , 0 , 0 , 0 , 0
2, 1606 , -303 , -402 , 108 , 306 , 408 , 507 , 709 , 711 , 708 , 909 , 1109 , 1210 , 1211 , 1209 , 11509 , 0 , 0 , 0 , 0
2, 111 , -207 , 107 , 208 , 408 , 507 , 708 , 710 , 808 , 1006 , 1306 , 11605 , 0 , 0 , 0 , 0 , 0 , 0 , 0 , 0
2, 111 , -107 , -207 , 211 , 208 , 309 , 408 , 708 , 610 , 1006 , 904 , 1207 , 1205 , 1308 , 11508 , 0 , 0 , 0 , 0 , 0
2, 111 , 1610 , -211 , -309 , 107 , 408 , 410 , 507 , 708 , 711 , 909 , 1209 , 1107 , 1211 , 11509 , 0 , 0 , 0 , 0 , 0
2, 101 , -201 , 104 , 205 , 303 , 302 , 404 , 704 , 1006 , 908 , 1306 , 11607 , 0 , 0 , 0 , 0 , 0 , 0 , 0 , 0
2, 111 , -306 , -408 , 108 , 507 , 709 , 711 , 708 , 909 , 1109 , 1306 , 11607 , 0 , 0 , 0 , 0 , 0 , 0 , 0 , 0
2, 111 , -211 , 110 , 207 , 309 , 310 , 408 , 709 , 707 , 909 , 911 , 1111 , 1209 , 1211 , 1411 , 11509 , 0 , 0 , 0 , 0
2, 1606 , -108 , 310 , 408 , 708 , 711 , 808 , 909 , 1109 , 1210 , 11509 , 0 , 0 , 0 , 0 , 0 , 0 , 0 , 0 , 0
2, 111 , -107 , -105 , 211 , 310 , 309 , 408 , 507 , 709 , 711 , 909 , 1111 , 1209 , 1211 , 1411 , 11509 , 0 , 0 , 0 , 0
2, 101 , 1602 , -201 , 104 , 306 , 303 , 505 , 507 , 706 , 704 , 903 , 1203 , 1105 , 1201 , 11503 , 0 , 0 , 0 , 0 , 0
2, 101 , -205 , 105 , 404 , 704 , 602 , 903 , 1103 , 1201 , 1203 , 11503 , 0 , 0 , 0 , 0 , 0 , 0 , 0 , 0 , 0
3, 101 , -306 , 102 , 503 , 605 , 804 , 1004 , 1101 , 1201 , 1402 , 11503 , 0 , 0 , 0 , 0 , 0 , 0 , 0 , 0 , 0
3, 111 , -306 , 106 , 610 , 709 , 910 , 1111 , 1011 , 1109 , 1311 , 1410 , 1411 , 11509 , 0 , 0 , 0 , 0 , 0 , 0 , 0
3, 1606 , -309 , 107 , 407 , 607 , 605 , 806 , 808 , 907 , 1006 , 1306 , 1307 , 11506 , 0 , 0 , 0 , 0 , 0 , 0 , 0
3, 111 , -306 , -208 , 110 , 411 , 611 , 711 , 810 , 1111 , 1211 , 1311 , 11509 , 0 , 0 , 0 , 0 , 0 , 0 , 0 , 0
3, 101 , -306 , -205 , 102 , 406 , 408 , 505 , 706 , 905 , 907 , 1006 , 1109 , 1210 , 1410 , 11509 , 0 , 0 , 0 , 0 , 0
3, 111 , -207 , 309 , 306 , 408 , 708 , 806 , 905 , 1106 , 1306 , 11508 , 0 , 0 , 0 , 0 , 0 , 0 , 0 , 0 , 0
3, 101 , -306 , 102 , 401 , 601 , 704 , 701 , 804 , 1004 , 1106 , 1205 , 1406 , 11605 , 0 , 0 , 0 , 0 , 0 , 0 , 0
3, 111 , 1610 , -306 , 609 , 706 , 908 , 1008 , 1205 , 1203 , 1306 , 11504 , 0 , 0 , 0 , 0 , 0 , 0 , 0 , 0 , 0
3, 1606 , -309 , -410 , 108 , 507 , 609 , 711 , 1011 , 1211 , 1209 , 1311 , 1309 , 11509 , 0 , 0 , 0 , 0 , 0 , 0 , 0
3, 101 , -306 , 102 , 604 , 703 , 706 , 907 , 905 , 1006 , 1205 , 1204 , 1306 , 11505 , 0 , 0 , 0 , 0 , 0 , 0 , 0
3, 111 , -306 , 108 , 408 , 608 , 808 , 1008 , 1207 , 1309 , 11508 , 0 , 0 , 0 , 0 , 0 , 0 , 0 , 0 , 0 , 0
3, 1601 , -208 , 401 , 503 , 603 , 701 , 804 , 904 , 902 , 1103 , 1301 , 1402 , 11503 , 0 , 0 , 0 , 0 , 0 , 0 , 0
3, 111 , -306 , 107 , 406 , 607 , 806 , 907 , 909 , 1111 , 1311 , 1310 , 1410 , 11509 , 0 , 0 , 0 , 0 , 0 , 0 , 0
3, 1606 , -309 , 107 , 507 , 609 , 711 , 1011 , 1111 , 1211 , 1311 , 11509 , 0 , 0 , 0 , 0 , 0 , 0 , 0 , 0 , 0
3, 1606 , -303 , -401 , 108 , 503 , 601 , 602 , 704 , 701 , 804 , 806 , 904 , 1103 , 1201 , 1301 , 1303 , 11503 , 0 , 0 , 0
3, 1606 , 1610 , -303 , 107 , 306 , 605 , 806 , 808 , 1006 , 1306 , 11607 , 0 , 0 , 0 , 0 , 0 , 0 , 0 , 0 , 0
3, 111 , -306 , 106 , 507 , 609 , 607 , 708 , 808 , 1109 , 1307 , 1406 , 11607 , 0 , 0 , 0 , 0 , 0 , 0 , 0 , 0
3, 101 , -306 , 105 , 505 , 706 , 1006 , 1203 , 1205 , 1202 , 1402 , 1302 , 11503 , 0 , 0 , 0 , 0 , 0 , 0 , 0 , 0
3, 101 , 1602 , -306 , 104 , 601 , 603 , 701 , 903 , 1006 , 1207 , 1406 , 11506 , 0 , 0 , 0 , 0 , 0 , 0 , 0 , 0
3, 111 , -306 , 110 , 407 , 708 , 1006 , 1207 , 1406 , 11507 , 0 , 0 , 0 , 0 , 0 , 0 , 0 , 0 , 0 , 0 , 0
3, 1606 , -303 , -204 , 107 , 503 , 603 , 701 , 1001 , 1201 , 1301 , 11503 , 0 , 0 , 0 , 0 , 0 , 0 , 0 , 0 , 0
3, 111 , -306 , -206 , 108 , 411 , 611 , 708 , 907 , 908 , 1109 , 1307 , 11509 , 0 , 0 , 0 , 0 , 0 , 0 , 0 , 0
3, 111 , -306 , -204 , 110 , 407 , 509 , 609 , 610 , 709 , 711 , 1011 , 1211 , 1310 , 1311 , 11509 , 0 , 0 , 0 , 0 , 0
3, 101 , -306 , 106 , 401 , 601 , 603 , 604 , 804 , 1103 , 1201 , 11503 , 0 , 0 , 0 , 0 , 0 , 0 , 0 , 0 , 0
3, 111 , 1610 , -306 , -308 , 611 , 610 , 709 , 909 , 1006 , 1106 , 1305 , 1205 , 1307 , 1309 , 11507 , 0 , 0 , 0 , 0 , 0
3, 101 , -306 , 102 , 604 , 606 , 701 , 1001 , 1101 , 1301 , 11503 , 0 , 0 , 0 , 0 , 0 , 0 , 0 , 0 , 0 , 0
3, 101 , -306 , 106 , 401 , 601 , 703 , 701 , 1001 , 1201 , 1301 , 1402 , 11503 , 0 , 0 , 0 , 0 , 0 , 0 , 0 , 0
3, 1606 , -303 , -402 , 105 , 306 , 404 , 503 , 703 , 905 , 907 , 1103 , 1003 , 1302 , 11504 , 0 , 0 , 0 , 0 , 0 , 0
3, 111 , -306 , -408 , 106 , 610 , 708 , 910 , 1008 , 1210 , 1410 , 11508 , 0 , 0 , 0 , 0 , 0 , 0 , 0 , 0 , 0
3, 1606 , 1610 , -303 , 104 , 505 , 503 , 704 , 604 , 804 , 905 , 1006 , 1008 , 1207 , 1309 , 11509 , 0 , 0 , 0 , 0 , 0
3, 101 , -306 , 102 , 401 , 601 , 701 , 804 , 1004 , 1101 , 1102 , 1301 , 1402 , 11503 , 0 , 0 , 0 , 0 , 0 , 0 , 0
3, 111 , -306 , -207 , 107 , 411 , 611 , 708 , 810 , 1109 , 1111 , 1311 , 11509 , 0 , 0 , 0 , 0 , 0 , 0 , 0 , 0
3, 111 , -306 , -406 , 107 , 310 , 411 , 611 , 708 , 810 , 910 , 1211 , 1410 , 11509 , 0 , 0 , 0 , 0 , 0 , 0 , 0
3, 101 , -306 , 106 , 503 , 505 , 606 , 708 , 908 , 1006 , 1209 , 1211 , 1310 , 1410 , 11508 , 0 , 0 , 0 , 0 , 0 , 0
3, 111 , -306 , -308 , 107 , 406 , 404 , 706 , 1006 , 1109 , 1211 , 1311 , 1309 , 1410 , 11509 , 0 , 0 , 0 , 0 , 0 , 0
3, 1606 , 1602 , -309 , 507 , 606 , 704 , 806 , 808 , 907 , 1109 , 1106 , 1205 , 1406 , 11605 , 0 , 0 , 0 , 0 , 0 , 0
3, 111 , -306 , -404 , 106 , 407 , 408 , 706 , 907 , 1106 , 1109 , 1209 , 1311 , 1410 , 11509 , 0 , 0 , 0 , 0 , 0 , 0
3, 1601 , -205 , 108 , 207 , 309 , 507 , 608 , 607 , 708 , 704 , 904 , 1004 , 1205 , 1303 , 11504 , 0 , 0 , 0 , 0 , 0
3, 1601 , -205 , 407 , 608 , 709 , 907 , 1008 , 1006 , 1207 , 1209 , 1205 , 1406 , 1306 , 11605 , 0 , 0 , 0 , 0 , 0 , 0
3, 1601 , -202 , 106 , 306 , 407 , 706 , 607 , 907 , 909 , 1109 , 1210 , 1211 , 1309 , 1310 , 11509 , 0 , 0 , 0 , 0 , 0
3, 1601 , -205 , 411 , 311 , 611 , 711 , 808 , 806 , 908 , 1109 , 1111 , 1311 , 11509 , 0 , 0 , 0 , 0 , 0 , 0 , 0
3, 111 , -306 , -405 , 108 , 406 , 404 , 507 , 605 , 806 , 907 , 1006 , 1205 , 1406 , 11504 , 0 , 0 , 0 , 0 , 0 , 0
3, 101 , -306 , -205 , 105 , 405 , 503 , 602 , 601 , 704 , 902 , 1101 , 1205 , 1303 , 1305 , 11505 , 0 , 0 , 0 , 0 , 0
3, 111 , -306 , 107 , 408 , 709 , 908 , 1109 , 1211 , 11509 , 0 , 0 , 0 , 0 , 0 , 0 , 0 , 0 , 0 , 0 , 0
3, 111 , -306 , 108 , 608 , 711 , 1011 , 1111 , 1311 , 1209 , 1309 , 11509 , 0 , 0 , 0 , 0 , 0 , 0 , 0 , 0 , 0
3, 1606 , -303 , 107 , 404 , 701 , 703 , 802 , 1103 , 1205 , 11504 , 0 , 0 , 0 , 0 , 0 , 0 , 0 , 0 , 0 , 0
3, 101 , -306 , 105 , 604 , 704 , 802 , 1103 , 1301 , 1402 , 11503 , 0 , 0 , 0 , 0 , 0 , 0 , 0 , 0 , 0 , 0
3, 101 , -306 , 106 , 405 , 605 , 804 , 903 , 1101 , 1103 , 1301 , 1402 , 11503 , 0 , 0 , 0 , 0 , 0 , 0 , 0 , 0
3, 1601 , -208 , -309 , 507 , 709 , 610 , 907 , 1006 , 1207 , 1305 , 1307 , 11506 , 0 , 0 , 0 , 0 , 0 , 0 , 0 , 0
3, 111 , -306 , -308 , 110 , 509 , 611 , 711 , 910 , 1110 , 1310 , 1311 , 1410 , 11509 , 0 , 0 , 0 , 0 , 0 , 0 , 0
3, 101 , -306 , -205 , 105 , 505 , 704 , 905 , 1004 , 1006 , 1103 , 1302 , 1301 , 1402 , 1401 , 11503 , 0 , 0 , 0 , 0 , 0
3, 111 , -306 , 110 , 411 , 611 , 708 , 806 , 808 , 1008 , 1110 , 1211 , 1310 , 1311 , 1410 , 11509 , 0 , 0 , 0 , 0 , 0
3, 111 , -306 , 107 , 507 , 708 , 711 , 908 , 806 , 1109 , 1111 , 1211 , 1311 , 1410 , 11509 , 0 , 0 , 0 , 0 , 0 , 0
3, 1606 , -303 , -302 , 105 , 401 , 601 , 802 , 801 , 1001 , 1201 , 1301 , 1402 , 11503 , 0 , 0 , 0 , 0 , 0 , 0 , 0
3, 101 , 1602 , -306 , -204 , 104 , 401 , 603 , 903 , 1201 , 11504 , 0 , 0 , 0 , 0 , 0 , 0 , 0 , 0 , 0 , 0
3, 111 , -306 , 106 , 407 , 708 , 810 , 1109 , 1207 , 1309 , 11508 , 0 , 0 , 0 , 0 , 0 , 0 , 0 , 0 , 0 , 0
3, 111 , -306 , -406 , 108 , 407 , 708 , 810 , 908 , 1008 , 1111 , 1311 , 1209 , 11509 , 0 , 0 , 0 , 0 , 0 , 0 , 0
3, 1606 , -303 , 105 , 405 , 704 , 1006 , 1103 , 1101 , 1303 , 11503 , 0 , 0 , 0 , 0 , 0 , 0 , 0 , 0 , 0 , 0
3, 101 , -306 , -407 , 104 , 604 , 602 , 701 , 1001 , 902 , 1103 , 1201 , 11503 , 0 , 0 , 0 , 0 , 0 , 0 , 0 , 0
3, 1606 , -309 , 108 , 407 , 708 , 606 , 711 , 909 , 1008 , 1111 , 1211 , 1410 , 1310 , 11509 , 0 , 0 , 0 , 0 , 0 , 0
3, 101 , -306 , 105 , 401 , 601 , 704 , 701 , 903 , 1102 , 1302 , 11504 , 0 , 0 , 0 , 0 , 0 , 0 , 0 , 0 , 0
3, 101 , -306 , 106 , 404 , 704 , 806 , 905 , 904 , 1103 , 1105 , 1303 , 1302 , 11504 , 0 , 0 , 0 , 0 , 0 , 0 , 0
3, 111 , -306 , 108 , 411 , 611 , 810 , 1011 , 1211 , 1311 , 11509 , 0 , 0 , 0 , 0 , 0 , 0 , 0 , 0 , 0 , 0
3, 1601 , -207 , 401 , 503 , 602 , 802 , 1001 , 1201 , 1402 , 11503 , 0 , 0 , 0 , 0 , 0 , 0 , 0 , 0 , 0 , 0
3, 1606 , -303 , -202 , 108 , 404 , 703 , 802 , 1103 , 1202 , 11504 , 0 , 0 , 0 , 0 , 0 , 0 , 0 , 0 , 0 , 0
3, 111 , -306 , -204 , 108 , 509 , 507 , 611 , 709 , 909 , 1011 , 1210 , 1209 , 1311 , 11509 , 0 , 0 , 0 , 0 , 0 , 0
3, 111 , -106 , -208 , 211 , 408 , 406 , 507 , 605 , 708 , 810 , 909 , 1211 , 1311 , 1310 , 1410 , 11508 , 0 , 0 , 0 , 0
3, 101 , 1602 , -306 , 104 , 605 , 606 , 708 , 909 , 809 , 1109 , 1210 , 1311 , 11509 , 0 , 0 , 0 , 0 , 0 , 0 , 0
3, 101 , 1602 , -306 , 104 , 401 , 701 , 804 , 1004 , 1101 , 1302 , 1301 , 11504 , 0 , 0 , 0 , 0 , 0 , 0 , 0 , 0
3, 1601 , -205 , 106 , 407 , 607 , 609 , 711 , 909 , 907 , 1008 , 1109 , 1207 , 1309 , 1307 , 11507 , 0 , 0 , 0 , 0 , 0
3, 111 , -306 , 106 , 407 , 608 , 606 , 706 , 808 , 908 , 910 , 1110 , 1111 , 1311 , 1310 , 11508 , 0 , 0 , 0 , 0 , 0
3, 111 , -306 , 108 , 406 , 507 , 605 , 706 , 905 , 903 , 1006 , 1306 , 1303 , 11503 , 0 , 0 , 0 , 0 , 0 , 0 , 0
3, 101 , -306 , 105 , 404 , 406 , 605 , 708 , 909 , 1111 , 1311 , 1410 , 11509 , 0 , 0 , 0 , 0 , 0 , 0 , 0 , 0
3, 101 , -306 , -206 , 105 , 401 , 601 , 701 , 902 , 1103 , 1302 , 11504 , 0 , 0 , 0 , 0 , 0 , 0 , 0 , 0 , 0
3, 111 , -306 , 107 , 406 , 404 , 603 , 703 , 706 , 907 , 1106 , 1307 , 11506 , 0 , 0 , 0 , 0 , 0 , 0 , 0 , 0
3, 101 , -306 , 106 , 405 , 505 , 606 , 704 , 1006 , 1106 , 1307 , 1406 , 11607 , 0 , 0 , 0 , 0 , 0 , 0 , 0 , 0
3, 101 , -306 , 104 , 503 , 703 , 701 , 1001 , 901 , 1101 , 1303 , 1301 , 11503 , 0 , 0 , 0 , 0 , 0 , 0 , 0 , 0
3, 101 , -306 , -206 , 104 , 401 , 601 , 802 , 1001 , 1201 , 1301 , 1302 , 1402 , 11504 , 0 , 0 , 0 , 0 , 0 , 0 , 0
3, 1606 , -309 , 107 , 411 , 611 , 609 , 810 , 908 , 1008 , 1209 , 1310 , 1410 , 11508 , 0 , 0 , 0 , 0 , 0 , 0 , 0
3, 1606 , -309 , 108 , 509 , 407 , 507 , 607 , 706 , 909 , 1111 , 1211 , 1410 , 11509 , 0 , 0 , 0 , 0 , 0 , 0 , 0
3, 1606 , -303 , 104 , 401 , 601 , 603 , 701 , 904 , 1004 , 1101 , 1301 , 11503 , 0 , 0 , 0 , 0 , 0 , 0 , 0 , 0
3, 101 , -306 , -308 , 105 , 401 , 601 , 802 , 1001 , 1201 , 1301 , 1303 , 11503 , 0 , 0 , 0 , 0 , 0 , 0 , 0 , 0
3, 111 , -306 , -208 , 106 , 310 , 411 , 509 , 711 , 611 , 1011 , 1211 , 1410 , 11509 , 0 , 0 , 0 , 0 , 0 , 0 , 0
3, 101 , -306 , -406 , 106 , 302 , 401 , 601 , 701 , 804 , 802 , 903 , 905 , 1103 , 1101 , 1102 , 1302 , 1204 , 1402 , 11504 , 0
3, 1606 , -303 , -205 , 104 , 505 , 706 , 704 , 1006 , 1008 , 1103 , 1303 , 1301 , 11503 , 0 , 0 , 0 , 0 , 0 , 0 , 0
3, 111 , -306 , -308 , 108 , 411 , 611 , 711 , 908 , 1109 , 1211 , 1309 , 1311 , 11509 , 0 , 0 , 0 , 0 , 0 , 0 , 0
3, 101 , -306 , -206 , 104 , 405 , 503 , 703 , 706 , 1006 , 905 , 1207 , 1209 , 1310 , 1311 , 1410 , 11509 , 0 , 0 , 0 , 0
3, 111 , -306 , -205 , 106 , 509 , 609 , 611 , 708 , 908 , 1109 , 1211 , 1410 , 11509 , 0 , 0 , 0 , 0 , 0 , 0 , 0
3, 1606 , -303 , -205 , 107 , 401 , 601 , 802 , 1001 , 1202 , 1301 , 11503 , 0 , 0 , 0 , 0 , 0 , 0 , 0 , 0 , 0
3, 111 , -306 , -208 , 110 , 608 , 709 , 810 , 1109 , 1011 , 1110 , 1210 , 11508 , 0 , 0 , 0 , 0 , 0 , 0 , 0 , 0
3, 1601 , -210 , -311 , 208 , 310 , 411 , 610 , 711 , 810 , 1011 , 1211 , 1209 , 1410 , 11508 , 0 , 0 , 0 , 0 , 0 , 0
3, 101 , 1602 , -306 , 106 , 603 , 601 , 804 , 702 , 806 , 907 , 1106 , 1306 , 11509 , 0 , 0 , 0 , 0 , 0 , 0 , 0
3, 111 , -306 , 110 , 411 , 611 , 709 , 711 , 808 , 1008 , 1009 , 1207 , 1205 , 1406 , 11506 , 0 , 0 , 0 , 0 , 0 , 0
3, 101 , 1602 , -306 , -207 , 105 , 603 , 701 , 903 , 1001 , 1203 , 1302 , 1303 , 1402 , 11504 , 0 , 0 , 0 , 0 , 0 , 0
3, 1606 , -303 , 108 , 401 , 404 , 602 , 701 , 903 , 1001 , 1103 , 1201 , 1303 , 11503 , 0 , 0 , 0 , 0 , 0 , 0 , 0
3, 111 , 1610 , -306 , -405 , 608 , 610 , 909 , 1210 , 11509 , 0 , 0 , 0 , 0 , 0 , 0 , 0 , 0 , 0 , 0 , 0
3, 111 , -306 , 107 , 509 , 711 , 1011 , 1109 , 1211 , 1311 , 11509 , 0 , 0 , 0 , 0 , 0 , 0 , 0 , 0 , 0 , 0
3, 111 , 1610 , -306 , -207 , 108 , 411 , 611 , 910 , 1210 , 1310 , 1311 , 11508 , 0 , 0 , 0 , 0 , 0 , 0 , 0 , 0
3, 101 , -306 , 105 , 401 , 601 , 701 , 904 , 1004 , 1101 , 1402 , 11503 , 0 , 0 , 0 , 0 , 0 , 0 , 0 , 0 , 0
3, 111 , -306 , 110 , 507 , 709 , 808 , 910 , 909 , 1011 , 1211 , 1209 , 1410 , 11509 , 0 , 0 , 0 , 0 , 0 , 0 , 0
4, 1601 , -205 , 411 , 611 , 810 , 1111 , 1311 , 11509 , 0 , 0 , 0 , 0 , 0 , 0 , 0 , 0 , 0 , 0 , 0 , 0
4, 101 , 1602 , -301 , 406 , 605 , 804 , 907 , 1106 , 1406 , 11607 , 0 , 0 , 0 , 0 , 0 , 0 , 0 , 0 , 0 , 0
4, 101 , 1602 , -201 , 208 , 505 , 804 , 1106 , 1406 , 11509 , 0 , 0 , 0 , 0 , 0 , 0 , 0 , 0 , 0 , 0 , 0
4, 101 , -303 , 102 , 701 , 904 , 1001 , 1101 , 1402 , 11503 , 0 , 0 , 0 , 0 , 0 , 0 , 0 , 0 , 0 , 0 , 0
4, 111 , -206 , -108 , 310 , 407 , 708 , 804 , 1106 , 1203 , 1305 , 1406 , 11605 , 0 , 0 , 0 , 0 , 0 , 0 , 0 , 0
4, 111 , -207 , -308 , 411 , 611 , 608 , 711 , 1111 , 1207 , 11508 , 0 , 0 , 0 , 0 , 0 , 0 , 0 , 0 , 0 , 0
4, 111 , 1610 , -308 , 110 , 611 , 909 , 1011 , 1311 , 11508 , 0 , 0 , 0 , 0 , 0 , 0 , 0 , 0 , 0 , 0 , 0
4, 111 , -107 , -206 , 211 , 309 , 711 , 908 , 910 , 1111 , 1311 , 1309 , 11508 , 0 , 0 , 0 , 0 , 0 , 0 , 0 , 0
4, 101 , 1602 , -302 , 106 , 601 , 903 , 1001 , 1201 , 11504 , 0 , 0 , 0 , 0 , 0 , 0 , 0 , 0 , 0 , 0 , 0
4, 1606 , -309 , 609 , 706 , 908 , 1109 , 1205 , 11505 , 0 , 0 , 0 , 0 , 0 , 0 , 0 , 0 , 0 , 0 , 0 , 0
4, 101 , 1602 , -201 , 106 , 401 , 701 , 1101 , 1303 , 11505 , 0 , 0 , 0 , 0 , 0 , 0 , 0 , 0 , 0 , 0 , 0
4, 111 , -107 , 411 , 711 , 1110 , 1410 , 11508 , 0 , 0 , 0 , 0 , 0 , 0 , 0 , 0 , 0 , 0 , 0 , 0 , 0
4, 101 , -102 , -104 , 204 , 401 , 602 , 601 , 902 , 1001 , 1201 , 1301 , 1302 , 11503 , 0 , 0 , 0 , 0 , 0 , 0 , 0
4, 111 , -211 , -311 , 107 , 411 , 611 , 709 , 910 , 1011 , 1111 , 1311 , 11509 , 0 , 0 , 0 , 0 , 0 , 0 , 0 , 0
4, 101 , -106 , 201 , 401 , 701 , 1001 , 1201 , 1203 , 1402 , 11505 , 0 , 0 , 0 , 0 , 0 , 0 , 0 , 0 , 0 , 0
4, 1601 , -202 , 306 , 505 , 708 , 1006 , 1103 , 1303 , 11504 , 0 , 0 , 0 , 0 , 0 , 0 , 0 , 0 , 0 , 0 , 0
4, 111 , 1610 , -207 , 411 , 611 , 709 , 1109 , 1310 , 11509 , 0 , 0 , 0 , 0 , 0 , 0 , 0 , 0 , 0 , 0 , 0
4, 101 , -104 , 401 , 701 , 1101 , 1203 , 1201 , 1402 , 11504 , 0 , 0 , 0 , 0 , 0 , 0 , 0 , 0 , 0 , 0 , 0
4, 101 , -304 , 102 , 401 , 603 , 701 , 1101 , 1301 , 1303 , 11504 , 0 , 0 , 0 , 0 , 0 , 0 , 0 , 0 , 0 , 0
4, 1606 , -309 , 108 , 611 , 609 , 910 , 1111 , 1410 , 11508 , 0 , 0 , 0 , 0 , 0 , 0 , 0 , 0 , 0 , 0 , 0
4, 111 , 1610 , -310 , 407 , 808 , 1008 , 1211 , 1307 , 1410 , 11607 , 0 , 0 , 0 , 0 , 0 , 0 , 0 , 0 , 0 , 0
4, 111 , -311 , 110 , 411 , 611 , 711 , 1008 , 1006 , 1004 , 1202 , 11504 , 0 , 0 , 0 , 0 , 0 , 0 , 0 , 0 , 0
4, 111 , -306 , -404 , 110 , 411 , 509 , 711 , 1011 , 1211 , 1410 , 11509 , 0 , 0 , 0 , 0 , 0 , 0 , 0 , 0 , 0
4, 111 , 1610 , -311 , 607 , 605 , 608 , 810 , 1111 , 1207 , 11607 , 0 , 0 , 0 , 0 , 0 , 0 , 0 , 0 , 0 , 0
4, 111 , -311 , 407 , 608 , 605 , 806 , 904 , 902 , 1203 , 1303 , 11503 , 0 , 0 , 0 , 0 , 0 , 0 , 0 , 0 , 0
4, 111 , -110 , 211 , 411 , 509 , 711 , 1011 , 1211 , 1311 , 11509 , 0 , 0 , 0 , 0 , 0 , 0 , 0 , 0 , 0 , 0
4, 101 , -301 , 106 , 505 , 606 , 607 , 709 , 1006 , 1307 , 11607 , 0 , 0 , 0 , 0 , 0 , 0 , 0 , 0 , 0 , 0
4, 101 , -302 , 704 , 903 , 1001 , 1201 , 1301 , 1303 , 11503 , 0 , 0 , 0 , 0 , 0 , 0 , 0 , 0 , 0 , 0 , 0
4, 1606 , -309 , 108 , 509 , 609 , 711 , 910 , 1211 , 1311 , 1410 , 11509 , 0 , 0 , 0 , 0 , 0 , 0 , 0 , 0 , 0
4, 101 , -304 , -206 , 401 , 701 , 804 , 1101 , 1303 , 1301 , 11503 , 0 , 0 , 0 , 0 , 0 , 0 , 0 , 0 , 0 , 0
4, 1606 , -309 , -411 , 108 , 607 , 908 , 1006 , 1209 , 1311 , 1309 , 1410 , 11509 , 0 , 0 , 0 , 0 , 0 , 0 , 0 , 0
4, 1606 , -309 , -407 , 104 , 711 , 1011 , 1209 , 1311 , 1309 , 11508 , 0 , 0 , 0 , 0 , 0 , 0 , 0 , 0 , 0 , 0
4, 1606 , -303 , -205 , 104 , 602 , 804 , 905 , 1103 , 1101 , 1102 , 1201 , 11503 , 0 , 0 , 0 , 0 , 0 , 0 , 0 , 0
4, 111 , -106 , 107 , 104 , 208 , 405 , 503 , 704 , 1006 , 1109 , 1311 , 11509 , 0 , 0 , 0 , 0 , 0 , 0 , 0 , 0
4, 111 , -308 , 411 , 711 , 909 , 1111 , 1209 , 1309 , 11509 , 0 , 0 , 0 , 0 , 0 , 0 , 0 , 0 , 0 , 0 , 0
4, 111 , -306 , 708 , 1008 , 1207 , 1406 , 11509 , 0 , 0 , 0 , 0 , 0 , 0 , 0 , 0 , 0 , 0 , 0 , 0 , 0
4, 101 , -301 , -401 , 105 , 404 , 701 , 1101 , 1301 , 11503 , 0 , 0 , 0 , 0 , 0 , 0 , 0 , 0 , 0 , 0 , 0
4, 111 , -106 , 408 , 711 , 909 , 1011 , 1310 , 1311 , 1309 , 11508 , 0 , 0 , 0 , 0 , 0 , 0 , 0 , 0 , 0 , 0
4, 101 , -301 , 105 , 505 , 703 , 1004 , 1205 , 1307 , 11607 , 0 , 0 , 0 , 0 , 0 , 0 , 0 , 0 , 0 , 0 , 0
4, 111 , -211 , 509 , 610 , 608 , 711 , 1111 , 1109 , 1211 , 1209 , 1306 , 11509 , 0 , 0 , 0 , 0 , 0 , 0 , 0 , 0
4, 111 , -207 , 107 , 211 , 411 , 611 , 810 , 1011 , 1311 , 1309 , 11508 , 0 , 0 , 0 , 0 , 0 , 0 , 0 , 0 , 0
4, 111 , -207 , -208 , 411 , 609 , 810 , 1011 , 1211 , 1311 , 11509 , 0 , 0 , 0 , 0 , 0 , 0 , 0 , 0 , 0 , 0
4, 1606 , -303 , -401 , 601 , 604 , 704 , 1101 , 1301 , 1402 , 11504 , 0 , 0 , 0 , 0 , 0 , 0 , 0 , 0 , 0 , 0
4, 111 , -210 , 107 , 411 , 611 , 910 , 1109 , 1307 , 1406 , 11605 , 0 , 0 , 0 , 0 , 0 , 0 , 0 , 0 , 0 , 0
4, 111 , -306 , 611 , 708 , 810 , 1008 , 1106 , 1305 , 11504 , 0 , 0 , 0 , 0 , 0 , 0 , 0 , 0 , 0 , 0 , 0
4, 1601 , -202 , -102 , 110 , 411 , 711 , 808 , 909 , 1109 , 1310 , 11509 , 0 , 0 , 0 , 0 , 0 , 0 , 0 , 0 , 0
4, 1601 , -210 , -311 , 303 , 701 , 1102 , 1301 , 1303 , 1302 , 11503 , 0 , 0 , 0 , 0 , 0 , 0 , 0 , 0 , 0 , 0
4, 101 , -205 , -304 , 401 , 701 , 1001 , 1301 , 1402 , 11504 , 0 , 0 , 0 , 0 , 0 , 0 , 0 , 0 , 0 , 0 , 0
4, 1606 , 1610 , -309 , 708 , 806 , 808 , 1008 , 1110 , 1310 , 11507 , 0 , 0 , 0 , 0 , 0 , 0 , 0 , 0 , 0 , 0
4, 101 , -303 , 601 , 701 , 1101 , 1301 , 1402 , 11504 , 0 , 0 , 0 , 0 , 0 , 0 , 0 , 0 , 0 , 0 , 0 , 0
4, 1606 , -309 , 104 , 509 , 711 , 1111 , 1311 , 1309 , 11508 , 0 , 0 , 0 , 0 , 0 , 0 , 0 , 0 , 0 , 0 , 0
4, 101 , -306 , 701 , 1103 , 1301 , 1402 , 11504 , 0 , 0 , 0 , 0 , 0 , 0 , 0 , 0 , 0 , 0 , 0 , 0 , 0
4, 101 , -201 , -301 , 404 , 601 , 603 , 902 , 1202 , 1402 , 11503 , 0 , 0 , 0 , 0 , 0 , 0 , 0 , 0 , 0 , 0
4, 111 , -207 , 411 , 711 , 1111 , 1311 , 11509 , 0 , 0 , 0 , 0 , 0 , 0 , 0 , 0 , 0 , 0 , 0 , 0 , 0
4, 111 , -206 , 411 , 711 , 1011 , 1311 , 1410 , 11508 , 0 , 0 , 0 , 0 , 0 , 0 , 0 , 0 , 0 , 0 , 0 , 0
4, 1601 , -207 , -208 , 507 , 706 , 905 , 1004 , 1203 , 1201 , 1301 , 1302 , 11503 , 0 , 0 , 0 , 0 , 0 , 0 , 0 , 0
4, 1606 , 1602 , -303 , 606 , 703 , 904 , 1201 , 1305 , 11605 , 0 , 0 , 0 , 0 , 0 , 0 , 0 , 0 , 0 , 0 , 0
4, 101 , 1602 , -202 , -104 , 106 , 404 , 701 , 804 , 1001 , 1303 , 1301 , 11504 , 0 , 0 , 0 , 0 , 0 , 0 , 0 , 0
4, 101 , 1602 , -205 , -303 , 106 , 603 , 806 , 804 , 1101 , 1402 , 11503 , 0 , 0 , 0 , 0 , 0 , 0 , 0 , 0 , 0
4, 111 , -311 , 306 , 507 , 709 , 1006 , 1008 , 1207 , 11507 , 0 , 0 , 0 , 0 , 0 , 0 , 0 , 0 , 0 , 0 , 0
4, 111 , -309 , 106 , 610 , 611 , 711 , 1109 , 1410 , 11508 , 0 , 0 , 0 , 0 , 0 , 0 , 0 , 0 , 0 , 0 , 0
4, 111 , -309 , -211 , 107 , 708 , 1111 , 1311 , 1310 , 1410 , 11508 , 0 , 0 , 0 , 0 , 0 , 0 , 0 , 0 , 0 , 0
4, 1606 , 1610 , -303 , 108 , 405 , 404 , 507 , 907 , 909 , 1211 , 1207 , 11508 , 0 , 0 , 0 , 0 , 0 , 0 , 0 , 0
4, 101 , -206 , -308 , 404 , 601 , 701 , 1103 , 1402 , 11504 , 0 , 0 , 0 , 0 , 0 , 0 , 0 , 0 , 0 , 0 , 0
4, 101 , -302 , 106 , 601 , 701 , 1101 , 1301 , 1402 , 11504 , 0 , 0 , 0 , 0 , 0 , 0 , 0 , 0 , 0 , 0 , 0
4, 101 , -303 , 106 , 302 , 604 , 804 , 1001 , 1201 , 11504 , 0 , 0 , 0 , 0 , 0 , 0 , 0 , 0 , 0 , 0 , 0
4, 111 , -206 , 407 , 505 , 604 , 602 , 802 , 1103 , 1101 , 11503 , 0 , 0 , 0 , 0 , 0 , 0 , 0 , 0 , 0 , 0
4, 1601 , -202 , 411 , 509 , 711 , 1111 , 1306 , 11605 , 0 , 0 , 0 , 0 , 0 , 0 , 0 , 0 , 0 , 0 , 0 , 0
4, 1601 , -207 , -105 , 306 , 607 , 704 , 902 , 1101 , 1301 , 1402 , 11503 , 0 , 0 , 0 , 0 , 0 , 0 , 0 , 0 , 0
4, 111 , -211 , -311 , 411 , 611 , 810 , 1011 , 1211 , 1311 , 1410 , 11509 , 0 , 0 , 0 , 0 , 0 , 0 , 0 , 0 , 0
4, 111 , -309 , 107 , 507 , 605 , 804 , 903 , 1102 , 1402 , 11505 , 0 , 0 , 0 , 0 , 0 , 0 , 0 , 0 , 0 , 0
4, 1606 , 1602 , -303 , 606 , 806 , 903 , 1001 , 1301 , 1303 , 11504 , 0 , 0 , 0 , 0 , 0 , 0 , 0 , 0 , 0 , 0
4, 1601 , -205 , 110 , 411 , 610 , 711 , 1011 , 1008 , 1207 , 1309 , 11509 , 0 , 0 , 0 , 0 , 0 , 0 , 0 , 0 , 0
4, 101 , 1602 , -201 , 405 , 703 , 701 , 1001 , 1302 , 11503 , 0 , 0 , 0 , 0 , 0 , 0 , 0 , 0 , 0 , 0 , 0
4, 101 , -206 , 105 , 303 , 505 , 706 , 1006 , 1306 , 11509 , 0 , 0 , 0 , 0 , 0 , 0 , 0 , 0 , 0 , 0 , 0
4, 111 , -309 , 107 , 609 , 711 , 908 , 907 , 1109 , 1311 , 11509 , 0 , 0 , 0 , 0 , 0 , 0 , 0 , 0 , 0 , 0
4, 101 , -301 , -402 , 105 , 503 , 701 , 1102 , 1201 , 11504 , 0 , 0 , 0 , 0 , 0 , 0 , 0 , 0 , 0 , 0 , 0
4, 101 , -106 , 404 , 401 , 601 , 703 , 1001 , 1201 , 1302 , 1301 , 11503 , 0 , 0 , 0 , 0 , 0 , 0 , 0 , 0 , 0
4, 111 , 1610 , -106 , 211 , 509 , 611 , 808 , 1111 , 1207 , 11507 , 0 , 0 , 0 , 0 , 0 , 0 , 0 , 0 , 0 , 0
4, 101 , 1602 , -304 , 601 , 704 , 802 , 904 , 1103 , 1106 , 1305 , 11607 , 0 , 0 , 0 , 0 , 0 , 0 , 0 , 0 , 0
4, 111 , -207 , 407 , 405 , 604 , 806 , 907 , 1106 , 1306 , 1307 , 11506 , 0 , 0 , 0 , 0 , 0 , 0 , 0 , 0 , 0
4, 111 , -211 , -311 , 407 , 405 , 706 , 808 , 1006 , 1004 , 1102 , 1201 , 11503 , 0 , 0 , 0 , 0 , 0 , 0 , 0 , 0
4, 101 , -206 , 405 , 606 , 703 , 902 , 1101 , 1301 , 11503 , 0 , 0 , 0 , 0 , 0 , 0 , 0 , 0 , 0 , 0 , 0
4, 111 , -310 , -311 , 106 , 711 , 1011 , 1008 , 1211 , 1410 , 11509 , 0 , 0 , 0 , 0 , 0 , 0 , 0 , 0 , 0 , 0
4, 1606 , 1610 , -309 , 706 , 808 , 1111 , 1207 , 1406 , 11508 , 0 , 0 , 0 , 0 , 0 , 0 , 0 , 0 , 0 , 0 , 0
4, 111 , -206 , -308 , 411 , 711 , 708 , 1111 , 1311 , 1309 , 11509 , 0 , 0 , 0 , 0 , 0 , 0 , 0 , 0 , 0 , 0
4, 111 , 1610 , -310 , 110 , 610 , 611 , 708 , 706 , 1006 , 1207 , 11506 , 0 , 0 , 0 , 0 , 0 , 0 , 0 , 0 , 0
4, 1601 , 1610 , -205 , 110 , 411 , 711 , 1011 , 1211 , 11509 , 0 , 0 , 0 , 0 , 0 , 0 , 0 , 0 , 0 , 0 , 0
4, 111 , -106 , 107 , 204 , 207 , 405 , 503 , 703 , 701 , 704 , 1101 , 1205 , 1303 , 11504 , 0 , 0 , 0 , 0 , 0 , 0
4, 101 , 1602 , -202 , 201 , 404 , 601 , 703 , 1004 , 1106 , 1203 , 1402 , 11605 , 0 , 0 , 0 , 0 , 0 , 0 , 0 , 0
4, 1606 , -309 , 108 , 411 , 611 , 708 , 909 , 1006 , 1205 , 1406 , 11503 , 0 , 0 , 0 , 0 , 0 , 0 , 0 , 0 , 0
4, 101 , -304 , -306 , 505 , 701 , 1101 , 1301 , 1303 , 11503 , 0 , 0 , 0 , 0 , 0 , 0 , 0 , 0 , 0 , 0 , 0
4, 101 , -102 , 302 , 401 , 601 , 902 , 1101 , 1301 , 1303 , 11503 , 0 , 0 , 0 , 0 , 0 , 0 , 0 , 0 , 0 , 0
4, 111 , -211 , 309 , 610 , 909 , 1210 , 1311 , 11509 , 0 , 0 , 0 , 0 , 0 , 0 , 0 , 0 , 0 , 0 , 0 , 0
4, 101 , -202 , 201 , 401 , 601 , 701 , 1001 , 1201 , 1402 , 11504 , 0 , 0 , 0 , 0 , 0 , 0 , 0 , 0 , 0 , 0
4, 1601 , -205 , 401 , 701 , 1101 , 1301 , 11503 , 0 , 0 , 0 , 0 , 0 , 0 , 0 , 0 , 0 , 0 , 0 , 0 , 0
4, 111 , -306 , 110 , 411 , 611 , 711 , 1111 , 1311 , 11509 , 0 , 0 , 0 , 0 , 0 , 0 , 0 , 0 , 0 , 0 , 0
4, 1601 , -206 , 102 , 306 , 404 , 401 , 503 , 701 , 703 , 903 , 1201 , 1301 , 1302 , 11503 , 0 , 0 , 0 , 0 , 0 , 0
4, 1601 , -205 , 207 , 306 , 404 , 602 , 605 , 706 , 808 , 1008 , 1309 , 11509 , 0 , 0 , 0 , 0 , 0 , 0 , 0 , 0
4, 111 , -211 , 408 , 706 , 804 , 1103 , 1301 , 1302 , 11503 , 0 , 0 , 0 , 0 , 0 , 0 , 0 , 0 , 0 , 0 , 0
5, 111 , -206 , 509 , 507 , 604 , 607 , 808 , 1010 , 1310 , 1408 , 11607 , 0 , 0 , 0 , 0 , 0 , 0 , 0 , 0 , 0
5, 111 , -106 , -204 , 110 , 311 , 411 , 510 , 711 , 1111 , 1308 , 11507 , 0 , 0 , 0 , 0 , 0 , 0 , 0 , 0 , 0
5, 111 , -106 , 211 , 308 , 306 , 409 , 510 , 607 , 711 , 1111 , 1410 , 1411 , 11508 , 0 , 0 , 0 , 0 , 0 , 0 , 0
5, 1606 , -207 , 310 , 510 , 711 , 1131 , 1411 , 11509 , 0 , 0 , 0 , 0 , 0 , 0 , 0 , 0 , 0 , 0 , 0 , 0
5, 101 , -206 , -204 , 106 , 504 , 501 , 802 , 804 , 1001 , 1302 , 1305 , 11505 , 0 , 0 , 0 , 0 , 0 , 0 , 0 , 0
5, 111 , -206 , -208 , 510 , 711 , 1008 , 1011 , 1211 , 11509 , 0 , 0 , 0 , 0 , 0 , 0 , 0 , 0 , 0 , 0 , 0
5, 1601 , -207 , -106 , 410 , 511 , 609 , 811 , 1010 , 1211 , 1411 , 1410 , 1408 , 11608 , 0 , 0 , 0 , 0 , 0 , 0 , 0
5, 1601 , -204 , -106 , 602 , 701 , 1001 , 1201 , 1305 , 1407 , 11607 , 0 , 0 , 0 , 0 , 0 , 0 , 0 , 0 , 0 , 0
5, 1601 , 1610 , -204 , 511 , 608 , 911 , 1211 , 1208 , 1311 , 1307 , 11506 , 0 , 0 , 0 , 0 , 0 , 0 , 0 , 0 , 0
5, 111 , -106 , -208 , 410 , 710 , 808 , 806 , 1207 , 1303 , 1301 , 1401 , 1404 , 11605 , 0 , 0 , 0 , 0 , 0 , 0 , 0
5, 1601 , -202 , 106 , 502 , 804 , 1004 , 1005 , 1305 , 11607 , 0 , 0 , 0 , 0 , 0 , 0 , 0 , 0 , 0 , 0 , 0
5, 1601 , -206 , 502 , 505 , 706 , 701 , 1103 , 11503 , 0 , 0 , 0 , 0 , 0 , 0 , 0 , 0 , 0 , 0 , 0 , 0
5, 111 , -206 , 106 , 507 , 711 , 1011 , 1309 , 1411 , 1409 , 11607 , 0 , 0 , 0 , 0 , 0 , 0 , 0 , 0 , 0 , 0
5, 101 , -106 , 404 , 507 , 705 , 807 , 1106 , 1210 , 11507 , 0 , 0 , 0 , 0 , 0 , 0 , 0 , 0 , 0 , 0 , 0
5, 101 , 1602 , -106 , 301 , 502 , 801 , 1121 , 1203 , 1404 , 11604 , 0 , 0 , 0 , 0 , 0 , 0 , 0 , 0 , 0 , 0
5, 111 , -206 , 408 , 606 , 804 , 1005 , 1304 , 11605 , 0 , 0 , 0 , 0 , 0 , 0 , 0 , 0 , 0 , 0 , 0 , 0
5, 1606 , -106 , -204 , 405 , 607 , 708 , 1008 , 1108 , 1408 , 11607 , 0 , 0 , 0 , 0 , 0 , 0 , 0 , 0 , 0 , 0
5, 101 , -206 , -308 , 403 , 502 , 803 , 1001 , 1303 , 11504 , 0 , 0 , 0 , 0 , 0 , 0 , 0 , 0 , 0 , 0 , 0
5, 1606 , -105 , 406 , 504 , 607 , 805 , 1005 , 1204 , 1306 , 1303 , 11605 , 0 , 0 , 0 , 0 , 0 , 0 , 0 , 0 , 0
5, 111 , 1610 , -106 , 408 , 511 , 608 , 705 , 708 , 1011 , 1007 , 1211 , 1407 , 11605 , 0 , 0 , 0 , 0 , 0 , 0 , 0
5, 111 , -206 , 106 , 211 , 511 , 611 , 911 , 1211 , 1409 , 11607 , 0 , 0 , 0 , 0 , 0 , 0 , 0 , 0 , 0 , 0
5, 111 , -106 , 207 , 211 , 309 , 608 , 808 , 905 , 1206 , 1404 , 11605 , 0 , 0 , 0 , 0 , 0 , 0 , 0 , 0 , 0
5, 111 , -106 , -208 , 211 , 610 , 810 , 1109 , 1306 , 1409 , 11607 , 0 , 0 , 0 , 0 , 0 , 0 , 0 , 0 , 0 , 0
5, 111 , -206 , 410 , 411 , 508 , 711 , 911 , 1109 , 1309 , 11507 , 0 , 0 , 0 , 0 , 0 , 0 , 0 , 0 , 0 , 0
5, 111 , 1610 , -206 , 407 , 605 , 806 , 903 , 1101 , 1305 , 1303 , 1401 , 11503 , 0 , 0 , 0 , 0 , 0 , 0 , 0 , 0
5, 101 , -106 , 304 , 401 , 504 , 705 , 708 , 806 , 908 , 1106 , 1308 , 11608 , 0 , 0 , 0 , 0 , 0 , 0 , 0 , 0
5, 101 , -106 , 201 , 403 , 604 , 904 , 1204 , 1405 , 1403 , 11506 , 0 , 0 , 0 , 0 , 0 , 0 , 0 , 0 , 0 , 0
5, 1601 , -204 , 506 , 707 , 906 , 1206 , 1308 , 11506 , 0 , 0 , 0 , 0 , 0 , 0 , 0 , 0 , 0 , 0 , 0 , 0
5, 101 , -106 , -204 , 301 , 401 , 502 , 702 , 1101 , 1401 , 1404 , 11604 , 0 , 0 , 0 , 0 , 0 , 0 , 0 , 0 , 0
5, 111 , -206 , -308 , 510 , 710 , 911 , 1209 , 1411 , 11508 , 0 , 0 , 0 , 0 , 0 , 0 , 0 , 0 , 0 , 0 , 0
5, 101 , -106 , 302 , 503 , 804 , 1103 , 1201 , 11503 , 0 , 0 , 0 , 0 , 0 , 0 , 0 , 0 , 0 , 0 , 0 , 0
5, 101 , -206 , 106 , 502 , 601 , 703 , 1001 , 1301 , 1401 , 1403 , 11605 , 0 , 0 , 0 , 0 , 0 , 0 , 0 , 0 , 0
5, 111 , -106 , 408 , 426 , 606 , 805 , 903 , 1201 , 1401 , 1403 , 11605 , 0 , 0 , 0 , 0 , 0 , 0 , 0 , 0 , 0
5, 1606 , 1610 , -107 , 311 , 409 , 426 , 706 , 808 , 1006 , 1205 , 1222 , 1401 , 1403 , 11605 , 0 , 0 , 0 , 0 , 0 , 0
5, 1601 , -206 , 106 , 508 , 708 , 911 , 1131 , 1108 , 1211 , 1411 , 11508 , 0 , 0 , 0 , 0 , 0 , 0 , 0 , 0 , 0
5, 1606 , -306 , 108 , 708 , 811 , 1011 , 1211 , 1409 , 11607 , 0 , 0 , 0 , 0 , 0 , 0 , 0 , 0 , 0 , 0 , 0
5, 101 , -106 , 201 , 401 , 601 , 903 , 1101 , 1301 , 1401 , 1404 , 11605 , 0 , 0 , 0 , 0 , 0 , 0 , 0 , 0 , 0
5, 1606 , -204 , 307 , 607 , 809 , 1108 , 1408 , 11608 , 0 , 0 , 0 , 0 , 0 , 0 , 0 , 0 , 0 , 0 , 0 , 0
5, 101 , -106 , 402 , 504 , 701 , 903 , 1001 , 1103 , 1306 , 1308 , 1406 , 1404 , 11605 , 0 , 0 , 0 , 0 , 0 , 0 , 0
5, 101 , -106 , 301 , 501 , 601 , 801 , 1001 , 1201 , 1304 , 1404 , 11604 , 0 , 0 , 0 , 0 , 0 , 0 , 0 , 0 , 0
5, 111 , -106 , 308 , 407 , 610 , 608 , 910 , 1131 , 1109 , 1307 , 11508 , 0 , 0 , 0 , 0 , 0 , 0 , 0 , 0 , 0
5, 101 , 1602 , -106 , 207 , 507 , 704 , 1104 , 1301 , 11604 , 0 , 0 , 0 , 0 , 0 , 0 , 0 , 0 , 0 , 0 , 0
5, 101 , -106 , 201 , 501 , 701 , 901 , 1101 , 11504 , 0 , 0 , 0 , 0 , 0 , 0 , 0 , 0 , 0 , 0 , 0 , 0
5, 1606 , -204 , 606 , 708 , 1107 , 1111 , 1409 , 11608 , 0 , 0 , 0 , 0 , 0 , 0 , 0 , 0 , 0 , 0 , 0 , 0
5, 1606 , -108 , 311 , 510 , 811 , 1131 , 1309 , 1411 , 11508 , 0 , 0 , 0 , 0 , 0 , 0 , 0 , 0 , 0 , 0 , 0
5, 111 , -106 , 207 , 210 , 510 , 711 , 1011 , 1230 , 1411 , 11508 , 0 , 0 , 0 , 0 , 0 , 0 , 0 , 0 , 0 , 0
5, 111 , 1610 , -106 , 211 , 511 , 709 , 911 , 1311 , 1409 , 1406 , 11607 , 0 , 0 , 0 , 0 , 0 , 0 , 0 , 0 , 0
5, 111 , -106 , -204 , 308 , 509 , 710 , 908 , 1209 , 1305 , 1408 , 11605 , 0 , 0 , 0 , 0 , 0 , 0 , 0 , 0 , 0
5, 101 , -106 , 403 , 605 , 602 , 701 , 1101 , 1401 , 1403 , 1402 , 11604 , 0 , 0 , 0 , 0 , 0 , 0 , 0 , 0 , 0
5, 101 , -106 , 301 , 401 , 501 , 601 , 801 , 1121 , 1104 , 1303 , 1406 , 11509 , 0 , 0 , 0 , 0 , 0 , 0 , 0 , 0
5, 111 , -106 , 309 , 510 , 808 , 1209 , 1305 , 11505 , 0 , 0 , 0 , 0 , 0 , 0 , 0 , 0 , 0 , 0 , 0 , 0
5, 1606 , 1610 , -308 , 411 , 609 , 606 , 806 , 1007 , 1203 , 1402 , 11604 , 0 , 0 , 0 , 0 , 0 , 0 , 0 , 0 , 0
5, 101 , -106 , 301 , 501 , 801 , 1002 , 1301 , 1401 , 1403 , 11605 , 0 , 0 , 0 , 0 , 0 , 0 , 0 , 0 , 0 , 0
5, 111 , 1610 , -206 , 409 , 606 , 906 , 1104 , 1305 , 11604 , 0 , 0 , 0 , 0 , 0 , 0 , 0 , 0 , 0 , 0 , 0
5, 1606 , -303 , -401 , 108 , 605 , 805 , 803 , 1004 , 1222 , 1201 , 1402 , 1404 , 11505 , 0 , 0 , 0 , 0 , 0 , 0 , 0
5, 101 , -206 , 106 , 202 , 401 , 504 , 704 , 1004 , 1303 , 11605 , 0 , 0 , 0 , 0 , 0 , 0 , 0 , 0 , 0 , 0
5, 101 , -106 , 205 , 604 , 701 , 1003 , 1302 , 1403 , 11605 , 0 , 0 , 0 , 0 , 0 , 0 , 0 , 0 , 0 , 0 , 0
5, 101 , -106 , 202 , 224 , 404 , 702 , 705 , 807 , 1006 , 1209 , 1406 , 11608 , 0 , 0 , 0 , 0 , 0 , 0 , 0 , 0
5, 111 , 1610 , -206 , 507 , 910 , 1230 , 11507 , 0 , 0 , 0 , 0 , 0 , 0 , 0 , 0 , 0 , 0 , 0 , 0 , 0
5, 1601 , -206 , -204 , 306 , 304 , 503 , 702 , 903 , 1001 , 1301 , 11503 , 0 , 0 , 0 , 0 , 0 , 0 , 0 , 0 , 0
5, 101 , -206 , 106 , 201 , 401 , 701 , 901 , 1201 , 1305 , 1302 , 11503 , 0 , 0 , 0 , 0 , 0 , 0 , 0 , 0 , 0
5, 101 , -206 , 201 , 401 , 701 , 1001 , 1203 , 1401 , 11504 , 0 , 0 , 0 , 0 , 0 , 0 , 0 , 0 , 0 , 0 , 0
5, 111 , -106 , 211 , 511 , 710 , 811 , 1010 , 1109 , 1311 , 1411 , 11508 , 0 , 0 , 0 , 0 , 0 , 0 , 0 , 0 , 0
5, 101 , -106 , 205 , 504 , 804 , 1104 , 1201 , 1401 , 11503 , 0 , 0 , 0 , 0 , 0 , 0 , 0 , 0 , 0 , 0 , 0
5, 101 , -206 , 106 , 301 , 501 , 604 , 602 , 801 , 1001 , 1201 , 11504 , 0 , 0 , 0 , 0 , 0 , 0 , 0 , 0 , 0
5, 111 , -206 , 308 , 311 , 611 , 911 , 1110 , 1131 , 1310 , 1411 , 11508 , 0 , 0 , 0 , 0 , 0 , 0 , 0 , 0 , 0
5, 111 , -106 , 409 , 511 , 608 , 706 , 907 , 1106 , 1107 , 1406 , 11505 , 0 , 0 , 0 , 0 , 0 , 0 , 0 , 0 , 0
5, 101 , -106 , 201 , 404 , 701 , 1001 , 1303 , 1401 , 1402 , 11503 , 0 , 0 , 0 , 0 , 0 , 0 , 0 , 0 , 0 , 0
5, 111 , 1610 , -106 , 311 , 409 , 411 , 810 , 1211 , 1408 , 1405 , 11504 , 0 , 0 , 0 , 0 , 0 , 0 , 0 , 0 , 0
5, 1606 , -305 , -407 , 605 , 808 , 811 , 911 , 1008 , 1011 , 1311 , 11508 , 0 , 0 , 0 , 0 , 0 , 0 , 0 , 0 , 0
5, 111 , 1610 , -106 , 311 , 511 , 609 , 911 , 1310 , 1306 , 11608 , 0 , 0 , 0 , 0 , 0 , 0 , 0 , 0 , 0 , 0
5, 111 , -106 , 211 , 511 , 810 , 908 , 1109 , 1306 , 11504 , 0 , 0 , 0 , 0 , 0 , 0 , 0 , 0 , 0 , 0 , 0
5, 111 , -206 , 411 , 708 , 707 , 906 , 1108 , 1205 , 1309 , 1411 , 11508 , 0 , 0 , 0 , 0 , 0 , 0 , 0 , 0 , 0
5, 1601 , 1602 , -206 , 106 , 401 , 801 , 1001 , 1402 , 11604 , 0 , 0 , 0 , 0 , 0 , 0 , 0 , 0 , 0 , 0 , 0
5, 1601 , -206 , 306 , 706 , 1103 , 1201 , 11503 , 0 , 0 , 0 , 0 , 0 , 0 , 0 , 0 , 0 , 0 , 0 , 0 , 0
5, 111 , -106 , 311 , 610 , 809 , 911 , 908 , 1210 , 1406 , 11605 , 0 , 0 , 0 , 0 , 0 , 0 , 0 , 0 , 0 , 0
5, 101 , -206 , 504 , 702 , 901 , 1201 , 1401 , 11504 , 0 , 0 , 0 , 0 , 0 , 0 , 0 , 0 , 0 , 0 , 0 , 0
5, 101 , -106 , 206 , 404 , 601 , 702 , 901 , 1002 , 1222 , 1306 , 11503 , 0 , 0 , 0 , 0 , 0 , 0 , 0 , 0 , 0
5, 101 , -206 , -308 , 401 , 503 , 501 , 703 , 801 , 1101 , 1401 , 11503 , 0 , 0 , 0 , 0 , 0 , 0 , 0 , 0 , 0
5, 111 , 1610 , -106 , -208 , 308 , 411 , 711 , 1011 , 1311 , 11507 , 0 , 0 , 0 , 0 , 0 , 0 , 0 , 0 , 0 , 0
5, 111 , 1610 , -106 , 410 , 611 , 1011 , 1007 , 1106 , 1306 , 1409 , 11607 , 0 , 0 , 0 , 0 , 0 , 0 , 0 , 0 , 0
5, 111 , -206 , 508 , 709 , 711 , 911 , 1211 , 1411 , 11509 , 0 , 0 , 0 , 0 , 0 , 0 , 0 , 0 , 0 , 0 , 0
5, 111 , -106 , 311 , 511 , 711 , 1131 , 1109 , 1411 , 11508 , 0 , 0 , 0 , 0 , 0 , 0 , 0 , 0 , 0 , 0 , 0
5, 101 , 1602 , -106 , 201 , 501 , 801 , 1103 , 1401 , 11605 , 0 , 0 , 0 , 0 , 0 , 0 , 0 , 0 , 0 , 0 , 0
5, 1606 , -208 , 304 , 505 , 802 , 904 , 1001 , 1201 , 1304 , 11604 , 0 , 0 , 0 , 0 , 0 , 0 , 0 , 0 , 0 , 0
5, 111 , -106 , -208 , 409 , 411 , 711 , 1110 , 1411 , 1410 , 11508 , 0 , 0 , 0 , 0 , 0 , 0 , 0 , 0 , 0 , 0
5, 1606 , 1602 , -105 , -106 , 405 , 601 , 802 , 1001 , 1401 , 11604 , 0 , 0 , 0 , 0 , 0 , 0 , 0 , 0 , 0 , 0
5, 111 , -106 , -204 , 408 , 611 , 808 , 911 , 1131 , 1410 , 1411 , 11509 , 0 , 0 , 0 , 0 , 0 , 0 , 0 , 0 , 0
5, 101 , -106 , 403 , 401 , 701 , 1121 , 1301 , 1401 , 1404 , 11604 , 0 , 0 , 0 , 0 , 0 , 0 , 0 , 0 , 0 , 0
5, 101 , -106 , 404 , 802 , 1103 , 1303 , 1405 , 1402 , 11605 , 0 , 0 , 0 , 0 , 0 , 0 , 0 , 0 , 0 , 0 , 0
5, 101 , -206 , 106 , 401 , 601 , 801 , 1121 , 1301 , 1303 , 1305 , 11505 , 0 , 0 , 0 , 0 , 0 , 0 , 0 , 0 , 0
5, 101 , -206 , 404 , 601 , 802 , 901 , 903 , 1302 , 1404 , 11604 , 0 , 0 , 0 , 0 , 0 , 0 , 0 , 0 , 0 , 0
5, 1606 , -208 , 104 , 609 , 807 , 805 , 907 , 1005 , 1306 , 1404 , 11604 , 0 , 0 , 0 , 0 , 0 , 0 , 0 , 0 , 0
5, 111 , 1610 , -106 , -204 , 206 , 507 , 710 , 911 , 1311 , 11509 , 0 , 0 , 0 , 0 , 0 , 0 , 0 , 0 , 0 , 0
5, 111 , 1610 , -206 , 509 , 505 , 703 , 1103 , 1402 , 11604 , 0 , 0 , 0 , 0 , 0 , 0 , 0 , 0 , 0 , 0 , 0
5, 101 , 1602 , -106 , 301 , 604 , 601 , 605 , 1005 , 1305 , 11608 , 0 , 0 , 0 , 0 , 0 , 0 , 0 , 0 , 0 , 0
5, 1606 , -106 , -208 , 303 , 401 , 601 , 902 , 1004 , 1106 , 1208 , 1306 , 1410 , 11508 , 0 , 0 , 0 , 0 , 0 , 0 , 0
5, 101 , 1602 , -206 , 501 , 605 , 703 , 1105 , 1406 , 11607 , 0 , 0 , 0 , 0 , 0 , 0 , 0 , 0 , 0 , 0 , 0
5, 111 , -106 , 211 , 411 , 511 , 711 , 910 , 1211 , 1207 , 1408 , 1406 , 11509 , 0 , 0 , 0 , 0 , 0 , 0 , 0 , 0
5, 101 , 1602 , -206 , 106 , 504 , 706 , 802 , 1001 , 1301 , 11505 , 0 , 0 , 0 , 0 , 0 , 0 , 0 , 0 , 0 , 0
6, 111 , -310 , 711 , 1131 , 1411 , 11507 , 0 , 0 , 0 , 0 , 0 , 0 , 0 , 0 , 0 , 0 , 0 , 0 , 0 , 0
6, 101 , -201 , 106 , 503 , 601 , 904 , 1006 , 1102 , 1206 , 11504 , 0 , 0 , 0 , 0 , 0 , 0 , 0 , 0 , 0 , 0
6, 111 , -308 , 106 , 509 , 706 , 703 , 901 , 1201 , 1404 , 11604 , 0 , 0 , 0 , 0 , 0 , 0 , 0 , 0 , 0 , 0
6, 111 , -106 , 404 , 401 , 504 , 607 , 704 , 906 , 1003 , 1201 , 11505 , 0 , 0 , 0 , 0 , 0 , 0 , 0 , 0 , 0
6, 1606 , -308 , 607 , 705 , 1005 , 1305 , 11508 , 0 , 0 , 0 , 0 , 0 , 0 , 0 , 0 , 0 , 0 , 0 , 0 , 0
6, 1606 , -303 , -401 , 104 , 407 , 709 , 1107 , 1407 , 11608 , 0 , 0 , 0 , 0 , 0 , 0 , 0 , 0 , 0 , 0 , 0
6, 101 , -205 , 607 , 806 , 1107 , 1205 , 1404 , 11604 , 0 , 0 , 0 , 0 , 0 , 0 , 0 , 0 , 0 , 0 , 0 , 0
6, 101 , -201 , 505 , 502 , 701 , 805 , 902 , 1205 , 11508 , 0 , 0 , 0 , 0 , 0 , 0 , 0 , 0 , 0 , 0 , 0
6, 101 , -102 , 224 , 403 , 401 , 801 , 905 , 1205 , 1301 , 1404 , 11506 , 0 , 0 , 0 , 0 , 0 , 0 , 0 , 0 , 0
6, 111 , -310 , 611 , 708 , 805 , 1107 , 1304 , 1301 , 1403 , 11505 , 0 , 0 , 0 , 0 , 0 , 0 , 0 , 0 , 0 , 0
6, 101 , -201 , -301 , 601 , 801 , 1001 , 1006 , 1303 , 11605 , 0 , 0 , 0 , 0 , 0 , 0 , 0 , 0 , 0 , 0 , 0
6, 111 , -110 , -208 , 311 , 711 , 1011 , 1311 , 1409 , 11506 , 0 , 0 , 0 , 0 , 0 , 0 , 0 , 0 , 0 , 0 , 0
6, 1606 , -107 , 224 , 507 , 907 , 1230 , 1407 , 1410 , 11607 , 0 , 0 , 0 , 0 , 0 , 0 , 0 , 0 , 0 , 0 , 0
6, 111 , -311 , 106 , 611 , 811 , 808 , 1107 , 1205 , 11505 , 0 , 0 , 0 , 0 , 0 , 0 , 0 , 0 , 0 , 0 , 0
6, 111 , 1610 , -211 , 611 , 911 , 1109 , 11507 , 0 , 0 , 0 , 0 , 0 , 0 , 0 , 0 , 0 , 0 , 0 , 0 , 0
6, 111 , 1610 , -211 , 511 , 909 , 1311 , 1406 , 1404 , 11604 , 0 , 0 , 0 , 0 , 0 , 0 , 0 , 0 , 0 , 0 , 0
6, 111 , -107 , 508 , 511 , 608 , 605 , 1005 , 1205 , 1402 , 11605 , 0 , 0 , 0 , 0 , 0 , 0 , 0 , 0 , 0 , 0
6, 111 , -211 , 410 , 611 , 808 , 1131 , 1411 , 11608 , 0 , 0 , 0 , 0 , 0 , 0 , 0 , 0 , 0 , 0 , 0 , 0
6, 1606 , 1602 , -303 , 105 , 605 , 1005 , 1306 , 11508 , 0 , 0 , 0 , 0 , 0 , 0 , 0 , 0 , 0 , 0 , 0 , 0
6, 1606 , 1602 , -108 , 311 , 511 , 609 , 911 , 1109 , 1411 , 11509 , 0 , 0 , 0 , 0 , 0 , 0 , 0 , 0 , 0 , 0
6, 101 , -301 , 106 , 501 , 802 , 903 , 1205 , 1407 , 11608 , 0 , 0 , 0 , 0 , 0 , 0 , 0 , 0 , 0 , 0 , 0
6, 111 , -310 , 511 , 708 , 906 , 1004 , 1007 , 1110 , 1409 , 1411 , 11507 , 0 , 0 , 0 , 0 , 0 , 0 , 0 , 0 , 0
6, 111 , 1610 , -310 , 609 , 707 , 1107 , 11507 , 0 , 0 , 0 , 0 , 0 , 0 , 0 , 0 , 0 , 0 , 0 , 0 , 0
6, 101 , 1602 , -206 , 202 , 501 , 801 , 1121 , 1105 , 1406 , 11604 , 0 , 0 , 0 , 0 , 0 , 0 , 0 , 0 , 0 , 0
6, 111 , -110 , 411 , 611 , 911 , 1211 , 1308 , 11508 , 0 , 0 , 0 , 0 , 0 , 0 , 0 , 0 , 0 , 0 , 0 , 0
6, 111 , 1610 , -110 , 508 , 909 , 1311 , 11508 , 0 , 0 , 0 , 0 , 0 , 0 , 0 , 0 , 0 , 0 , 0 , 0 , 0
6, 101 , -304 , 606 , 904 , 1103 , 1401 , 11504 , 0 , 0 , 0 , 0 , 0 , 0 , 0 , 0 , 0 , 0 , 0 , 0 , 0
6, 101 , -201 , 601 , 901 , 1201 , 1305 , 11605 , 0 , 0 , 0 , 0 , 0 , 0 , 0 , 0 , 0 , 0 , 0 , 0 , 0
6, 101 , -304 , 106 , 501 , 801 , 1001 , 1301 , 1405 , 11604 , 0 , 0 , 0 , 0 , 0 , 0 , 0 , 0 , 0 , 0 , 0
6, 111 , -208 , 205 , 303 , 501 , 902 , 1121 , 1401 , 1404 , 11605 , 0 , 0 , 0 , 0 , 0 , 0 , 0 , 0 , 0 , 0
6, 101 , -301 , 501 , 504 , 706 , 803 , 1102 , 1301 , 1403 , 11604 , 0 , 0 , 0 , 0 , 0 , 0 , 0 , 0 , 0 , 0
6, 111 , -310 , 106 , 611 , 1011 , 1411 , 11608 , 0 , 0 , 0 , 0 , 0 , 0 , 0 , 0 , 0 , 0 , 0 , 0 , 0
6, 101 , -304 , 106 , 408 , 510 , 606 , 906 , 1009 , 1211 , 1307 , 11607 , 0 , 0 , 0 , 0 , 0 , 0 , 0 , 0 , 0
6, 101 , -201 , 501 , 801 , 1003 , 1001 , 1104 , 1301 , 11503 , 0 , 0 , 0 , 0 , 0 , 0 , 0 , 0 , 0 , 0 , 0
6, 1601 , 1610 , -204 , 501 , 801 , 1003 , 1001 , 1301 , 1305 , 11605 , 0 , 0 , 0 , 0 , 0 , 0 , 0 , 0 , 0 , 0
6, 111 , -311 , 106 , 511 , 810 , 1009 , 1309 , 1407 , 11607 , 0 , 0 , 0 , 0 , 0 , 0 , 0 , 0 , 0 , 0 , 0
6, 101 , 1602 , -205 , 408 , 806 , 1007 , 1306 , 1403 , 11604 , 0 , 0 , 0 , 0 , 0 , 0 , 0 , 0 , 0 , 0 , 0
6, 101 , 1602 , -202 , 502 , 801 , 1121 , 1401 , 11605 , 0 , 0 , 0 , 0 , 0 , 0 , 0 , 0 , 0 , 0 , 0 , 0
6, 1606 , -208 , 104 , 511 , 709 , 1131 , 1411 , 11508 , 0 , 0 , 0 , 0 , 0 , 0 , 0 , 0 , 0 , 0 , 0 , 0
6, 1601 , -202 , 502 , 701 , 805 , 908 , 1004 , 1406 , 11608 , 0 , 0 , 0 , 0 , 0 , 0 , 0 , 0 , 0 , 0 , 0
6, 101 , -301 , 601 , 901 , 1121 , 1204 , 1401 , 11503 , 0 , 0 , 0 , 0 , 0 , 0 , 0 , 0 , 0 , 0 , 0 , 0
6, 101 , 1602 , -205 , 501 , 801 , 1201 , 1305 , 11506 , 0 , 0 , 0 , 0 , 0 , 0 , 0 , 0 , 0 , 0 , 0 , 0
6, 111 , -210 , -308 , 407 , 606 , 1008 , 1309 , 11608 , 0 , 0 , 0 , 0 , 0 , 0 , 0 , 0 , 0 , 0 , 0 , 0
6, 101 , -205 , 308 , 507 , 707 , 908 , 1009 , 1207 , 1407 , 11608 , 0 , 0 , 0 , 0 , 0 , 0 , 0 , 0 , 0 , 0
6, 101 , -105 , 201 , 501 , 504 , 703 , 801 , 1201 , 11505 , 0 , 0 , 0 , 0 , 0 , 0 , 0 , 0 , 0 , 0 , 0
6, 101 , -106 , 405 , 502 , 701 , 1001 , 1303 , 1404 , 11605 , 0 , 0 , 0 , 0 , 0 , 0 , 0 , 0 , 0 , 0 , 0
6, 111 , 1610 , -206 , 505 , 607 , 809 , 1106 , 1304 , 11503 , 0 , 0 , 0 , 0 , 0 , 0 , 0 , 0 , 0 , 0 , 0
6, 1606 , -105 , -205 , 303 , 305 , 603 , 801 , 803 , 1005 , 1003 , 1121 , 1301 , 1404 , 11604 , 0 , 0 , 0 , 0 , 0 , 0
6, 101 , 1602 , -206 , 106 , 403 , 803 , 1104 , 1106 , 1404 , 11508 , 0 , 0 , 0 , 0 , 0 , 0 , 0 , 0 , 0 , 0
6, 111 , 1610 , -309 , -310 , 511 , 607 , 704 , 1003 , 1001 , 1203 , 1301 , 1403 , 11605 , 0 , 0 , 0 , 0 , 0 , 0 , 0
6, 1606 , -207 , 506 , 808 , 1011 , 1411 , 11508 , 0 , 0 , 0 , 0 , 0 , 0 , 0 , 0 , 0 , 0 , 0 , 0 , 0
6, 111 , 1610 , -211 , 106 , 511 , 710 , 1131 , 1207 , 11508 , 0 , 0 , 0 , 0 , 0 , 0 , 0 , 0 , 0 , 0 , 0
6, 111 , -206 , 409 , 708 , 1011 , 1410 , 11608 , 0 , 0 , 0 , 0 , 0 , 0 , 0 , 0 , 0 , 0 , 0 , 0 , 0
6, 111 , -211 , 611 , 707 , 910 , 1111 , 1411 , 1409 , 11607 , 0 , 0 , 0 , 0 , 0 , 0 , 0 , 0 , 0 , 0 , 0
6, 101 , 1602 , -201 , 504 , 701 , 806 , 902 , 1201 , 1305 , 1401 , 11604 , 0 , 0 , 0 , 0 , 0 , 0 , 0 , 0 , 0
6, 1606 , 1610 , -207 , 302 , 504 , 704 , 1001 , 1105 , 1202 , 11504 , 0 , 0 , 0 , 0 , 0 , 0 , 0 , 0 , 0 , 0
6, 101 , -202 , 603 , 801 , 804 , 1003 , 1121 , 1104 , 1303 , 1405 , 11605 , 0 , 0 , 0 , 0 , 0 , 0 , 0 , 0 , 0
6, 1606 , -303 , 401 , 802 , 1002 , 1004 , 1302 , 1404 , 11505 , 0 , 0 , 0 , 0 , 0 , 0 , 0 , 0 , 0 , 0 , 0
6, 101 , 1602 , -206 , 106 , 504 , 508 , 606 , 810 , 1131 , 1310 , 1409 , 11608 , 0 , 0 , 0 , 0 , 0 , 0 , 0 , 0
6, 111 , -308 , 609 , 711 , 1011 , 1411 , 11509 , 0 , 0 , 0 , 0 , 0 , 0 , 0 , 0 , 0 , 0 , 0 , 0 , 0
6, 111 , 1610 , -110 , 107 , 508 , 808 , 1131 , 1308 , 1411 , 11507 , 0 , 0 , 0 , 0 , 0 , 0 , 0 , 0 , 0 , 0
6, 111 , -311 , 511 , 609 , 810 , 811 , 1008 , 1131 , 1311 , 11507 , 0 , 0 , 0 , 0 , 0 , 0 , 0 , 0 , 0 , 0
6, 111 , 1610 , -308 , 607 , 910 , 1211 , 11508 , 0 , 0 , 0 , 0 , 0 , 0 , 0 , 0 , 0 , 0 , 0 , 0 , 0
6, 111 , -108 , 311 , 509 , 706 , 711 , 907 , 1004 , 1001 , 1204 , 1403 , 11505 , 0 , 0 , 0 , 0 , 0 , 0 , 0 , 0
6, 1601 , 1602 , -206 , -308 , 106 , 404 , 401 , 703 , 1006 , 1001 , 1401 , 11605 , 0 , 0 , 0 , 0 , 0 , 0 , 0 , 0
6, 1601 , -206 , 607 , 604 , 702 , 1001 , 1301 , 11504 , 0 , 0 , 0 , 0 , 0 , 0 , 0 , 0 , 0 , 0 , 0 , 0
6, 111 , -306 , 310 , 509 , 811 , 1211 , 11508 , 0 , 0 , 0 , 0 , 0 , 0 , 0 , 0 , 0 , 0 , 0 , 0 , 0
6, 1601 , -205 , 507 , 807 , 1207 , 11505 , 0 , 0 , 0 , 0 , 0 , 0 , 0 , 0 , 0 , 0 , 0 , 0 , 0 , 0
6, 101 , -102 , 204 , 601 , 801 , 1002 , 1201 , 11605 , 0 , 0 , 0 , 0 , 0 , 0 , 0 , 0 , 0 , 0 , 0 , 0
6, 101 , -302 , 504 , 605 , 603 , 801 , 1101 , 1401 , 11604 , 0 , 0 , 0 , 0 , 0 , 0 , 0 , 0 , 0 , 0 , 0
6, 1601 , -210 , 510 , 811 , 909 , 1211 , 1407 , 11607 , 0 , 0 , 0 , 0 , 0 , 0 , 0 , 0 , 0 , 0 , 0 , 0
6, 101 , 1602 , -105 , 301 , 703 , 1005 , 1107 , 1309 , 1411 , 11608 , 0 , 0 , 0 , 0 , 0 , 0 , 0 , 0 , 0 , 0
6, 101 , -302 , 106 , 704 , 1005 , 1203 , 1302 , 11605 , 0 , 0 , 0 , 0 , 0 , 0 , 0 , 0 , 0 , 0 , 0 , 0
6, 111 , -110 , 311 , 511 , 508 , 611 , 811 , 1011 , 1207 , 1304 , 1402 , 11604 , 0 , 0 , 0 , 0 , 0 , 0 , 0 , 0
6, 111 , -311 , -409 , 611 , 811 , 1211 , 1308 , 11507 , 0 , 0 , 0 , 0 , 0 , 0 , 0 , 0 , 0 , 0 , 0 , 0
6, 111 , -211 , -110 , 611 , 911 , 1211 , 11607 , 0 , 0 , 0 , 0 , 0 , 0 , 0 , 0 , 0 , 0 , 0 , 0 , 0
6, 1606 , -105 , 503 , 602 , 804 , 1103 , 1307 , 11507 , 0 , 0 , 0 , 0 , 0 , 0 , 0 , 0 , 0 , 0 , 0 , 0
6, 101 , -102 , 301 , 503 , 601 , 801 , 1121 , 1401 , 11503 , 0 , 0 , 0 , 0 , 0 , 0 , 0 , 0 , 0 , 0 , 0
6, 111 , -311 , 711 , 807 , 809 , 911 , 1211 , 1307 , 11605 , 0 , 0 , 0 , 0 , 0 , 0 , 0 , 0 , 0 , 0 , 0
6, 101 , 1602 , -304 , 301 , 601 , 1002 , 1401 , 11605 , 0 , 0 , 0 , 0 , 0 , 0 , 0 , 0 , 0 , 0 , 0 , 0
6, 111 , -210 , 411 , 611 , 911 , 1008 , 1309 , 1407 , 11608 , 0 , 0 , 0 , 0 , 0 , 0 , 0 , 0 , 0 , 0 , 0
6, 111 , -311 , 407 , 404 , 601 , 904 , 901 , 1102 , 1304 , 1405 , 11604 , 0 , 0 , 0 , 0 , 0 , 0 , 0 , 0 , 0
6, 101 , -301 , -403 , 501 , 702 , 903 , 1201 , 1404 , 1401 , 11604 , 0 , 0 , 0 , 0 , 0 , 0 , 0 , 0 , 0 , 0
6, 111 , -108 , 510 , 710 , 911 , 1008 , 1209 , 1310 , 11507 , 0 , 0 , 0 , 0 , 0 , 0 , 0 , 0 , 0 , 0 , 0
6, 111 , -306 , 302 , 501 , 801 , 803 , 805 , 1005 , 1001 , 1204 , 1206 , 11507 , 0 , 0 , 0 , 0 , 0 , 0 , 0 , 0
6, 101 , -201 , -303 , 501 , 801 , 1201 , 1304 , 1301 , 1403 , 1405 , 11604 , 0 , 0 , 0 , 0 , 0 , 0 , 0 , 0 , 0
6, 101 , -201 , 601 , 705 , 1003 , 1205 , 11508 , 0 , 0 , 0 , 0 , 0 , 0 , 0 , 0 , 0 , 0 , 0 , 0 , 0
6, 101 , -306 , 707 , 906 , 1105 , 11506 , 0 , 0 , 0 , 0 , 0 , 0 , 0 , 0 , 0 , 0 , 0 , 0 , 0 , 0
6, 1601 , -205 , 301 , 501 , 801 , 1201 , 1404 , 1402 , 11604 , 0 , 0 , 0 , 0 , 0 , 0 , 0 , 0 , 0 , 0 , 0
6, 101 , -304 , 106 , 507 , 907 , 905 , 1105 , 1302 , 1406 , 11608 , 0 , 0 , 0 , 0 , 0 , 0 , 0 , 0 , 0 , 0
6, 1606 , -304 , 603 , 707 , 1007 , 1205 , 1408 , 11506 , 0 , 0 , 0 , 0 , 0 , 0 , 0 , 0 , 0 , 0 , 0 , 0
6, 101 , -301 , -403 , 504 , 706 , 702 , 704 , 801 , 1102 , 1401 , 11504 , 0 , 0 , 0 , 0 , 0 , 0 , 0 , 0 , 0
6, 101 , 1602 , -201 , 501 , 901 , 1201 , 1404 , 1407 , 11608 , 0 , 0 , 0 , 0 , 0 , 0 , 0 , 0 , 0 , 0 , 0
6, 111 , -107 , -205 , 410 , 610 , 811 , 1211 , 11607 , 0 , 0 , 0 , 0 , 0 , 0 , 0 , 0 , 0 , 0 , 0 , 0
6, 111 , -311 , 711 , 1011 , 1410 , 11607 , 0 , 0 , 0 , 0 , 0 , 0 , 0 , 0 , 0 , 0 , 0 , 0 , 0 , 0
6, 101 , -205 , 502 , 605 , 1004 , 1305 , 1401 , 1403 , 11605 , 0 , 0 , 0 , 0 , 0 , 0 , 0 , 0 , 0 , 0 , 0
6, 101 , -301 , 501 , 801 , 1201 , 11605 , 0 , 0 , 0 , 0 , 0 , 0 , 0 , 0 , 0 , 0 , 0 , 0 , 0 , 0
6, 1606 , -208 , 606 , 810 , 1108 , 1206 , 11607 , 0 , 0 , 0 , 0 , 0 , 0 , 0 , 0 , 0 , 0 , 0 , 0 , 0
6, 101 , -301 , 106 , 501 , 801 , 1102 , 1204 , 1301 , 1404 , 11604 , 0 , 0 , 0 , 0 , 0 , 0 , 0 , 0 , 0 , 0
6, 101 , -205 , 401 , 505 , 903 , 1205 , 1302 , 1404 , 11604 , 0 , 0 , 0 , 0 , 0 , 0 , 0 , 0 , 0 , 0 , 0
7, 111 , -211 , 408 , 411 , 811 , 1111 , 1408 , 1407 , 11505 , 0 , 0 , 0 , 0 , 0 , 0 , 0 , 0 , 0 , 0 , 0
7, 101 , -102 , 401 , 605 , 801 , 905 , 1003 , 1205 , 11507 , 0 , 0 , 0 , 0 , 0 , 0 , 0 , 0 , 0 , 0 , 0
7, 101 , -102 , 401 , 801 , 1203 , 1401 , 11604 , 0 , 0 , 0 , 0 , 0 , 0 , 0 , 0 , 0 , 0 , 0 , 0 , 0
7, 101 , -202 , 501 , 901 , 1201 , 1304 , 1407 , 11608 , 0 , 0 , 0 , 0 , 0 , 0 , 0 , 0 , 0 , 0 , 0 , 0
7, 1606 , 1610 , -308 , -310 , 511 , 908 , 1104 , 1301 , 1403 , 1401 , 11604 , 0 , 0 , 0 , 0 , 0 , 0 , 0 , 0 , 0
7, 111 , 1610 , -311 , -310 , 611 , 1011 , 1411 , 11507 , 0 , 0 , 0 , 0 , 0 , 0 , 0 , 0 , 0 , 0 , 0 , 0
7, 1606 , -303 , 501 , 804 , 1106 , 1202 , 1306 , 1309 , 11608 , 0 , 0 , 0 , 0 , 0 , 0 , 0 , 0 , 0 , 0 , 0
7, 101 , 1602 , -202 , 601 , 1001 , 1204 , 1407 , 11503 , 0 , 0 , 0 , 0 , 0 , 0 , 0 , 0 , 0 , 0 , 0 , 0
7, 1601 , -206 , 509 , 808 , 1211 , 1408 , 11608 , 0 , 0 , 0 , 0 , 0 , 0 , 0 , 0 , 0 , 0 , 0 , 0 , 0
7, 101 , -102 , -201 , 501 , 801 , 904 , 1207 , 11506 , 0 , 0 , 0 , 0 , 0 , 0 , 0 , 0 , 0 , 0 , 0 , 0
7, 111 , -207 , 604 , 607 , 610 , 1008 , 1408 , 1405 , 11507 , 0 , 0 , 0 , 0 , 0 , 0 , 0 , 0 , 0 , 0 , 0
7, 1606 , -303 , 107 , 601 , 903 , 1006 , 1406 , 1403 , 11607 , 0 , 0 , 0 , 0 , 0 , 0 , 0 , 0 , 0 , 0 , 0
7, 101 , -201 , 205 , 308 , 608 , 909 , 1311 , 1409 , 11607 , 0 , 0 , 0 , 0 , 0 , 0 , 0 , 0 , 0 , 0 , 0
7, 1606 , -304 , -306 , 603 , 1004 , 1106 , 11503 , 0 , 0 , 0 , 0 , 0 , 0 , 0 , 0 , 0 , 0 , 0 , 0 , 0
7, 1601 , -207 , 411 , 809 , 906 , 1110 , 11508 , 0 , 0 , 0 , 0 , 0 , 0 , 0 , 0 , 0 , 0 , 0 , 0 , 0
7, 111 , 1610 , -306 , 503 , 801 , 1201 , 1404 , 11607 , 0 , 0 , 0 , 0 , 0 , 0 , 0 , 0 , 0 , 0 , 0 , 0
7, 101 , -105 , 407 , 709 , 911 , 1211 , 1307 , 1303 , 1406 , 11604 , 0 , 0 , 0 , 0 , 0 , 0 , 0 , 0 , 0 , 0
7, 101 , -301 , 601 , 1001 , 1005 , 1305 , 1409 , 11608 , 0 , 0 , 0 , 0 , 0 , 0 , 0 , 0 , 0 , 0 , 0 , 0
7, 111 , -308 , 510 , 707 , 1009 , 1311 , 1407 , 1405 , 1409 , 11608 , 0 , 0 , 0 , 0 , 0 , 0 , 0 , 0 , 0 , 0
7, 1601 , 1602 , -204 , 604 , 902 , 1206 , 11506 , 0 , 0 , 0 , 0 , 0 , 0 , 0 , 0 , 0 , 0 , 0 , 0 , 0
7, 111 , -108 , 211 , 308 , 411 , 711 , 1011 , 1411 , 11508 , 0 , 0 , 0 , 0 , 0 , 0 , 0 , 0 , 0 , 0 , 0
7, 1606 , 1610 , -208 , 607 , 602 , 901 , 1301 , 11503 , 0 , 0 , 0 , 0 , 0 , 0 , 0 , 0 , 0 , 0 , 0 , 0
7, 101 , 1602 , -302 , 407 , 604 , 701 , 705 , 1004 , 1404 , 1401 , 11506 , 0 , 0 , 0 , 0 , 0 , 0 , 0 , 0 , 0
7, 111 , -211 , 511 , 808 , 1230 , 1407 , 11608 , 0 , 0 , 0 , 0 , 0 , 0 , 0 , 0 , 0 , 0 , 0 , 0 , 0
7, 111 , 1610 , -110 , 509 , 811 , 1208 , 1311 , 1406 , 11509 , 0 , 0 , 0 , 0 , 0 , 0 , 0 , 0 , 0 , 0 , 0
7, 101 , -201 , 601 , 805 , 901 , 1201 , 1405 , 11607 , 0 , 0 , 0 , 0 , 0 , 0 , 0 , 0 , 0 , 0 , 0 , 0
7, 1606 , 1602 , -205 , 401 , 702 , 904 , 1201 , 1404 , 11506 , 0 , 0 , 0 , 0 , 0 , 0 , 0 , 0 , 0 , 0 , 0
